0 0.3546875 0.221875 0.31875 0.221875 0.31875 0.25625 0.3546875 0.25625
0 0.18281250000000002 0.16562500000000002 0.1515625 0.165625 0.15156250000000002 0.19375000000000003 0.18281250000000004 0.19375000000000003
0 0.37968750000000007 0.34062500000000007 0.3390625 0.340625 0.33906250000000004 0.384375 0.37968750000000007 0.3843750000000001
0 0.5171875 0.12968750000000004 0.4921875 0.12968750000000004 0.4921875 0.16406250000000006 0.5171875 0.16406250000000006
0 0.43125 0.12343750000000005 0.396875 0.12343750000000005 0.396875 0.16406250000000006 0.43125 0.16406250000000006
0 0.4015625 0.18750000000000006 0.3671875 0.18750000000000006 0.3671875 0.21875000000000008 0.4015625 0.21875000000000008
0 0.43125 0.21875000000000008 0.3953125 0.21875000000000008 0.3953125 0.2531250000000001 0.43125 0.2531250000000001
1 0.2578125 0.03281250000000003 0.1984375 0.03281250000000002 0.1984375 0.05312500000000002 0.2578125 0.05312500000000002
1 0.49375 0.03281250000000006 0.4375 0.03281250000000006 0.4375 0.05156250000000005 0.49375 0.05156250000000007
1 0.1984375 0.05625000000000002 0.1671875 0.05625000000000002 0.1671875 0.16562500000000002 0.1984375 0.16562500000000005
1 0.16250000000000003 0.1953125 0.11250000000000004 0.1953125 0.11250000000000004 0.2109375 0.16250000000000003 0.2109375
1 0.09062500000000004 0.225 0.06875000000000002 0.225 0.06875000000000003 0.31875 0.09062500000000004 0.31875
1 0.16250000000000003 0.3375 0.11250000000000004 0.3375 0.11250000000000004 0.359375 0.16250000000000003 0.359375
1 0.290625 0.340625 0.2375 0.340625 0.2375 0.3578125 0.290625 0.3578125
1 0.496875 0.3390625000000001 0.43125 0.3390625000000001 0.43125 0.3578125000000001 0.496875 0.3578125000000001
1 0.55 0.28593750000000007 0.53125 0.28593750000000007 0.53125 0.3234375000000001 0.55 0.3234375000000001
1 0.2484375000000001 0.571875 0.21093750000000008 0.571875 0.21093750000000008 0.590625 0.2484375000000001 0.590625
1 0.3203125000000001 0.5734375 0.28593750000000007 0.5734375 0.28593750000000007 0.5859375 0.3203125000000001 0.5859375
1 0.3812500000000001 0.5734375 0.3265625000000001 0.5734375 0.3265625000000001 0.5890625 0.3812500000000001 0.5890625
1 0.484375 0.571875 0.4296875 0.571875 0.4296875 0.590625 0.484375 0.590625
1 0.5421875000000002 0.80625 0.5203125000000002 0.80625 0.5203125000000002 0.8609375 0.5421875000000002 0.8609375
1 0.46406250000000016 0.8734375 0.4203125000000002 0.8734375 0.4203125000000002 0.8953125 0.46406250000000016 0.8953125
1 0.2796875000000001 0.878125 0.22656250000000008 0.878125 0.22656250000000008 0.8953125 0.2796875000000001 0.8953125
1 0.1515625000000001 0.878125 0.10000000000000009 0.878125 0.10000000000000009 0.896875 0.1515625000000001 0.896875
0 0.5000000000000002 0.7390625 0.46875000000000017 0.7390625 0.46875000000000017 0.7703125 0.5000000000000002 0.7703125
0 0.4359375 0.6640625 0.3984375000000001 0.6640625 0.3984375000000001 0.6984375 0.4359375 0.6984375
0 0.2718750000000001 0.6625 0.2296875000000001 0.6625 0.2296875000000001 0.696875 0.2718750000000001 0.696875
0 0.27031250000000007 0.628125 0.2296875000000001 0.628125 0.2296875000000001 0.659375 0.27031250000000007 0.659375
0 0.3046875000000001 0.5875 0.2671875000000001 0.5875 0.2671875000000001 0.6171875 0.3046875000000001 0.6171875
0 0.3125000000000001 0.5484375 0.2890625000000001 0.5484375 0.2890625000000001 0.5796875 0.3125000000000001 0.5796875
0 0.3984375000000001 0.7609375 0.3578125000000001 0.7609375 0.3578125000000001 0.7921875 0.3984375000000001 0.7921875
0 0.3234375000000001 0.7609375 0.2796875000000001 0.7609375 0.2796875000000001 0.7890625 0.3234375000000001 0.7890625
0 0.4890625000000002 0.8203125 0.4546875000000002 0.8203125 0.4546875000000002 0.85 0.4890625000000002 0.85
0 0.5625000000000001 0.690625 0.53125 0.690625 0.5312500000000001 0.73125 0.5625000000000002 0.73125
0 0.665625 0.58125 0.63125 0.58125 0.63125 0.61875 0.665625 0.61875
0 0.74375 0.5906250000000001 0.7046875 0.590625 0.7046875 0.6218750000000001 0.74375 0.6218750000000002
0 0.7390625 0.6203125 0.7078125 0.6203125 0.7078125 0.6500000000000001 0.7390625 0.6500000000000001
1 0.884375 0.5375000000000002 0.8625 0.5375000000000002 0.8625 0.5687500000000002 0.884375 0.5687500000000002
1 0.88125 0.6046875000000002 0.865625 0.6046875000000002 0.865625 0.6390625000000002 0.88125 0.6390625000000002
1 0.8828125 0.6703125000000002 0.8671875 0.6703125000000002 0.8671875 0.7046875000000001 0.8828125 0.7046875000000001
1 0.88125 0.7359375000000001 0.8625 0.7359375000000001 0.8625 0.7765625000000002 0.88125 0.7765625000000002
1 0.853125 0.8015625 0.7546875000000002 0.8015625 0.7546875000000002 0.8203125 0.853125 0.8203125