0 0.2562500000000001 0.6453125 0.2218750000000001 0.6453125 0.2218750000000001 0.68125 0.2562500000000001 0.68125
0 0.1937500000000001 0.81875 0.16562500000000008 0.81875 0.16562500000000008 0.85 0.1937500000000001 0.85
0 0.3843750000000001 0.621875 0.34062500000000007 0.621875 0.34062500000000007 0.6625 0.3843750000000001 0.6625
0 0.16406250000000006 0.4828125 0.12968750000000004 0.4828125 0.12968750000000004 0.5078125 0.16406250000000006 0.5078125
0 0.16406250000000008 0.5703125 0.12343750000000009 0.5703125 0.12343750000000009 0.6046875 0.16406250000000008 0.6046875
0 0.21875000000000008 0.5984375 0.18750000000000008 0.5984375 0.18750000000000008 0.6328125 0.21875000000000008 0.6328125
0 0.2531250000000001 0.56875 0.21875000000000008 0.56875 0.21875000000000008 0.6046875 0.2531250000000001 0.6046875
1 0.05312500000000009 0.74375 0.03281250000000009 0.74375 0.03281250000000009 0.8015625 0.05312500000000009 0.8015625
1 0.05156250000000007 0.5078125 0.032812500000000064 0.5078125 0.032812500000000064 0.5640625 0.05156250000000007 0.5640625
1 0.16562500000000008 0.803125 0.05625000000000009 0.803125 0.0562500000000001 0.834375 0.16562500000000008 0.834375
1 0.21093750000000008 0.8375 0.19531250000000008 0.8375 0.19531250000000008 0.8875 0.21093750000000008 0.8875
1 0.3187500000000001 0.909375 0.2250000000000001 0.909375 0.2250000000000001 0.93125 0.3187500000000001 0.93125
1 0.3593750000000001 0.8390625 0.3375000000000001 0.8390625 0.3375000000000001 0.8890625 0.3593750000000001 0.8890625
1 0.3578125000000001 0.709375 0.34062500000000007 0.709375 0.34062500000000007 0.7625 0.3578125000000001 0.7625
1 0.3578125000000001 0.5046875 0.3390625000000001 0.5046875 0.3390625000000001 0.5703125 0.3578125000000001 0.5703125
1 0.3234375000000001 0.45 0.28593750000000007 0.45 0.28593750000000007 0.46875 0.3234375000000001 0.46875
1 0.5906250000000002 0.753125 0.5718750000000001 0.753125 0.5718750000000001 0.790625 0.5906250000000002 0.790625
1 0.5859375 0.6796875 0.5734375 0.6796875 0.5734375 0.7140625 0.5859375 0.7140625
1 0.5890625 0.61875 0.5734375 0.61875 0.5734375 0.6734375 0.5890625 0.6734375
1 0.590625 0.5171875 0.571875 0.5171875 0.571875 0.571875 0.590625 0.571875
1 0.8609375 0.4593750000000002 0.80625 0.4593750000000002 0.80625 0.4812500000000002 0.8609375 0.4812500000000002
1 0.8953125 0.5375000000000002 0.8734375 0.5375000000000002 0.8734375 0.5812500000000002 0.8953125 0.5812500000000002
1 0.8953125 0.7218750000000002 0.878125 0.7218750000000002 0.878125 0.7750000000000001 0.8953125 0.7750000000000001
1 0.896875 0.8484375 0.878125 0.8484375 0.878125 0.9 0.896875 0.9
0 0.7703125 0.5015625000000001 0.7390625 0.5015625000000001 0.7390625 0.5328125000000001 0.7703125 0.5328125000000001
0 0.6984375 0.565625 0.6640625 0.565625 0.6640625 0.603125 0.6984375 0.603125
0 0.6968750000000001 0.7296875 0.6625000000000002 0.7296875 0.6625000000000002 0.771875 0.6968750000000001 0.771875
0 0.6593750000000002 0.7296875 0.6281250000000002 0.7296875 0.6281250000000002 0.7703125 0.6593750000000002 0.7703125
0 0.6171875000000001 0.6953125 0.5875 0.6953125 0.5875000000000001 0.7328125 0.6171875000000002 0.7328125
0 0.5796875 0.6890625 0.5484375 0.6890625 0.5484375 0.7125 0.5796875 0.7125
0 0.7921875 0.6031250000000001 0.7609375 0.6031250000000001 0.7609375 0.6437500000000002 0.7921875 0.6437500000000002
0 0.7890625 0.6765625000000002 0.7609375 0.6765625000000002 0.7609375 0.7203125000000001 0.7890625 0.7203125000000001
0 0.85 0.5109375000000002 0.8203125 0.5109375000000002 0.8203125 0.5453125000000002 0.85 0.5453125000000002
0 0.73125 0.4375000000000001 0.690625 0.4375 0.690625 0.4687500000000001 0.73125 0.46875000000000017
0 0.61875 0.3359375000000001 0.58125 0.3359375000000001 0.58125 0.3703125000000001 0.61875 0.3703125000000001
0 0.621875 0.2578125000000001 0.590625 0.2578125000000001 0.590625 0.2968750000000001 0.621875 0.2968750000000001
0 0.65 0.2609375000000001 0.6203125 0.2609375000000001 0.6203125 0.2921875000000001 0.65 0.2921875000000001
1 0.56875 0.11562500000000006 0.5375 0.11562500000000005 0.5375 0.13750000000000007 0.56875 0.1375000000000001
1 0.6390625 0.11875000000000009 0.6046875 0.11875000000000009 0.6046875 0.13437500000000008 0.6390625 0.13437500000000008
1 0.7046875 0.11875000000000009 0.6703125 0.11875000000000009 0.6703125 0.13437500000000008 0.7046875 0.13437500000000008
1 0.7765625 0.12031250000000009 0.7359375 0.12031250000000009 0.7359375 0.1390625000000001 0.7765625 0.1390625000000001
1 0.8203125 0.14843750000000008 0.8015625 0.14843750000000008 0.8015625 0.2468750000000001 0.8203125 0.2468750000000001