0 0.3765625 0.10312500000000005 0.3125 0.10312500000000005 0.3125 0.17343750000000005 0.3765625 0.17343750000000005
0 0.2750000000000001 0.4109375 0.19843750000000004 0.4109375 0.19843750000000004 0.478125 0.2750000000000001 0.478125
0 0.37968750000000007 0.4296875 0.31718750000000007 0.4296875 0.31718750000000007 0.4859375 0.37968750000000007 0.4859375
0 0.6671875 0.4609375 0.6234375 0.4609375 0.6234375 0.5328125 0.6671875 0.5328125
0 0.7140625 0.4609375 0.6578125 0.4609375 0.6578125 0.51875 0.7140625 0.51875
0 0.3843750000000001 0.796875 0.3125000000000001 0.796875 0.3125000000000001 0.8671875 0.3843750000000001 0.8671875
0 0.3781250000000001 0.875 0.3062500000000001 0.875 0.3062500000000001 0.95 0.3781250000000001 0.95
1 0.054687500000000035 0.240625 0.009375000000000031 0.240625 0.009375000000000041 0.425 0.05468750000000004 0.425
1 0.053125000000000075 0.4671875 0.004687500000000057 0.4671875 0.0046875000000000675 0.6390625 0.05312500000000009 0.6390625
1 0.0500000000000001 0.6890625 0.010937500000000083 0.6890625 0.010937500000000091 0.8171875 0.050000000000000114 0.8171875
1 0.5484375 0.11875000000000006 0.365625 0.11875000000000005 0.365625 0.17812500000000006 0.5484375 0.1781250000000001
1 0.7484375 0.12343750000000009 0.6171875 0.12343750000000009 0.6171875 0.1781250000000001 0.7484375 0.1781250000000001
1 0.846875 0.5062500000000002 0.790625 0.5062500000000002 0.7906250000000001 0.8515625 0.846875 0.8515625