0 0.8984375 0.3125000000000001 0.828125 0.3125000000000001 0.828125 0.3765625000000001 0.8984375 0.3765625000000001
0 0.590625 0.19843750000000007 0.521875 0.19843750000000004 0.521875 0.2765625000000001 0.590625 0.2765625000000001
0 0.5703125 0.31718750000000007 0.5140625 0.31718750000000007 0.5140625 0.37968750000000007 0.5703125 0.37968750000000007
0 0.5390625 0.6234375 0.4671875 0.6234375 0.4671875 0.6671875 0.5390625 0.6671875
0 0.5390625 0.6578125 0.48125 0.6578125 0.48125 0.7140625 0.5390625 0.7140625
0 0.20468750000000005 0.3125 0.13281250000000006 0.3125 0.13281250000000006 0.384375 0.20468750000000008 0.384375
0 0.12500000000000006 0.30625 0.050000000000000044 0.30625 0.050000000000000044 0.378125 0.12500000000000006 0.378125
1 0.759375 0.009375000000000081 0.575 0.009375000000000069 0.575 0.05625000000000008 0.759375 0.05625000000000009
1 0.5328125 0.006250000000000056 0.3609375 0.006250000000000045 0.3609375 0.053125000000000054 0.5328125 0.05312500000000007
1 0.3109375 0.01093750000000003 0.1828125 0.010937500000000022 0.1828125 0.05000000000000003 0.3109375 0.050000000000000044
1 0.8828125 0.3656250000000001 0.8234375 0.3656250000000001 0.8234375 0.5484375000000001 0.8828125 0.5484375000000001
1 0.8765625 0.6171875000000002 0.821875 0.6171875000000002 0.821875 0.7484375000000002 0.8765625 0.7484375000000002
1 0.4937500000000002 0.790625 0.14843750000000008 0.790625 0.14843750000000008 0.846875 0.4937500000000002 0.846875