0 0.8984375 0.6250000000000002 0.828125 0.6250000000000002 0.828125 0.6890625000000001 0.8984375 0.6890625000000001
0 0.5906250000000001 0.725 0.521875 0.725 0.5218750000000001 0.803125 0.5906250000000002 0.803125
0 0.5703125 0.6203125 0.5140625 0.6203125 0.5140625 0.6828125 0.5703125 0.6828125
0 0.5390625 0.33281250000000007 0.4671875 0.33281250000000007 0.4671875 0.3765625000000001 0.5390625 0.3765625000000001
0 0.5390625 0.2875000000000001 0.48125 0.2875000000000001 0.48125 0.3437500000000001 0.5390625 0.3437500000000001
0 0.20468750000000008 0.615625 0.13281250000000008 0.615625 0.13281250000000008 0.6875 0.20468750000000008 0.6875
0 0.12500000000000008 0.621875 0.050000000000000065 0.621875 0.05000000000000008 0.69375 0.12500000000000008 0.69375
1 0.7593750000000001 0.9453125 0.5750000000000002 0.9453125 0.5750000000000002 0.9921875 0.7593750000000001 0.9921875
1 0.5328125000000001 0.946875 0.3609375000000001 0.946875 0.3609375000000001 0.9953125 0.5328125000000001 0.9953125
1 0.3109375000000001 0.95 0.18281250000000013 0.95 0.18281250000000013 0.9890625 0.3109375000000001 0.9890625
1 0.8828125 0.4515625000000002 0.8234375 0.4515625000000002 0.8234375 0.6343750000000001 0.8828125 0.6343750000000001
1 0.8765625 0.2531250000000001 0.821875 0.2531250000000001 0.821875 0.3843750000000001 0.8765625 0.3843750000000001
1 0.49375 0.15468750000000003 0.1484375 0.1546875 0.14843750000000003 0.21093750000000006 0.49375 0.21093750000000008