1 0.2234375000000001 0.9234375 0.11718750000000014 0.9234375 0.11718750000000014 0.9765625 0.2234375000000001 0.9765625
1 0.5468750000000002 0.7765625 0.5031250000000002 0.7765625 0.5031250000000002 0.8921875 0.5468750000000002 0.8921875
1 0.55 0.68125 0.5125 0.68125 0.5125000000000001 0.775 0.5500000000000002 0.775
1 0.546875 0.5671875 0.5125 0.5671875 0.5125 0.678125 0.546875 0.678125
1 0.6578125 0.40625 0.5984375 0.40625 0.5984375 0.440625 0.6578125 0.440625
1 0.725 0.3984375000000001 0.66875 0.3984375000000001 0.66875 0.4296875 0.725 0.4296875
1 0.7953125 0.4000000000000002 0.73125 0.4000000000000002 0.73125 0.44062500000000016 0.7953125 0.44062500000000016
1 0.496875 0.06875000000000006 0.4375 0.06875000000000005 0.4375 0.10156250000000004 0.496875 0.10156250000000004
1 0.3859375 0.06406250000000005 0.3203125 0.06406250000000005 0.3203125 0.10156250000000004 0.3859375 0.10156250000000004
1 0.06562500000000003 0.1703125 0.025000000000000022 0.1703125 0.02500000000000003 0.284375 0.06562500000000004 0.284375
1 0.06406250000000005 0.334375 0.023437500000000038 0.334375 0.02343750000000005 0.4515625 0.06406250000000005 0.4515625
1 0.06093750000000007 0.503125 0.028125000000000067 0.503125 0.028125000000000074 0.6265625 0.06093750000000007 0.6265625
0 0.534375 0.29375000000000007 0.48125 0.29375000000000007 0.48125 0.3437500000000001 0.534375 0.3437500000000001
0 0.471875 0.2906250000000001 0.421875 0.2906250000000001 0.421875 0.3437500000000001 0.471875 0.3437500000000001
0 0.403125 0.27343750000000006 0.353125 0.2734375 0.353125 0.33906250000000004 0.403125 0.3390625000000001
0 0.4328125 0.15000000000000005 0.371875 0.15000000000000005 0.371875 0.2156250000000001 0.4328125 0.2156250000000001
0 0.315625 0.225 0.253125 0.225 0.253125 0.284375 0.315625 0.284375
0 0.2609375000000001 0.40625 0.2000000000000001 0.40625 0.2000000000000001 0.4640625 0.2609375000000001 0.4640625
0 0.2593750000000001 0.46875 0.2000000000000001 0.46875 0.2000000000000001 0.525 0.2593750000000001 0.525
0 0.2671875000000001 0.728125 0.1984375000000001 0.728125 0.1984375000000001 0.7875 0.2671875000000001 0.7875
0 0.4859375 0.4125 0.4171875 0.4125 0.4171875 0.478125 0.4859375 0.478125
0 0.43125 0.3625000000000001 0.38125 0.3625000000000001 0.38125000000000003 0.4125 0.43125 0.4125
0 0.5953125 0.4203125 0.5140625 0.4203125 0.5140625 0.4921875 0.5953125 0.4921875
0 0.6203125 0.03125000000000007 0.5578125 0.03125000000000007 0.5578125 0.11093750000000009 0.6203125 0.11093750000000009
0 0.84375 0.27812500000000007 0.775 0.27812500000000007 0.775 0.3437500000000001 0.84375 0.3437500000000001
0 0.584375 0.2750000000000001 0.5375 0.2750000000000001 0.5375 0.3281250000000001 0.584375 0.3281250000000001