1 0.07812500000000003 0.1171875 0.025000000000000012 0.1171875 0.025000000000000015 0.2234375 0.07812500000000003 0.2234375
1 0.2234375000000001 0.503125 0.10781250000000005 0.503125 0.10781250000000006 0.546875 0.2234375000000001 0.546875
1 0.3187500000000001 0.5125 0.22656250000000008 0.5125 0.22656250000000008 0.5484375 0.3187500000000001 0.5484375
1 0.4328125 0.5125 0.3218750000000001 0.5125 0.3218750000000001 0.546875 0.4328125 0.546875
1 0.5953125 0.5984375 0.559375 0.5984375 0.559375 0.6578125 0.5953125 0.6578125
1 0.6015625 0.66875 0.5703125 0.66875 0.5703125 0.725 0.6015625 0.725
1 0.6000000000000002 0.73125 0.5593750000000002 0.73125 0.5593750000000002 0.7953125 0.6000000000000002 0.7953125
1 0.93125 0.43750000000000017 0.8984375 0.43750000000000017 0.8984375 0.49531250000000016 0.93125 0.49531250000000016
1 0.9375 0.3203125000000001 0.8984375 0.3203125000000001 0.8984375 0.3859375000000001 0.9375 0.3859375000000001
1 0.83125 0.025000000000000095 0.7171875 0.025000000000000088 0.7171875 0.0656250000000001 0.83125 0.06562500000000011
1 0.665625 0.023437500000000076 0.5484375 0.023437500000000066 0.5484375 0.06406250000000008 0.665625 0.06406250000000009
1 0.496875 0.02812500000000005 0.3734375 0.028125000000000046 0.3734375 0.060937500000000054 0.496875 0.06093750000000007
0 0.70625 0.48125 0.65625 0.48125 0.65625 0.534375 0.70625 0.534375
0 0.709375 0.421875 0.65625 0.421875 0.65625 0.471875 0.709375 0.471875
0 0.7265625 0.3531250000000001 0.6609375 0.3531250000000001 0.6609375 0.40312500000000007 0.7265625 0.4031250000000002
0 0.85 0.37187500000000007 0.784375 0.37187500000000007 0.784375 0.43281250000000016 0.85 0.43281250000000016
0 0.775 0.2531250000000001 0.715625 0.2531250000000001 0.715625 0.3156250000000001 0.775 0.3156250000000001
0 0.59375 0.2000000000000001 0.5359375 0.2000000000000001 0.5359375 0.2609375000000001 0.59375 0.2609375000000001
0 0.53125 0.2000000000000001 0.475 0.2000000000000001 0.475 0.2578125000000001 0.53125 0.2578125000000001
0 0.2734375 0.19843750000000004 0.2140625 0.19843750000000004 0.2140625 0.2671875 0.2734375 0.2671875
0 0.5890625 0.4171875 0.521875 0.4171875 0.521875 0.4859375 0.5890625 0.4859375
0 0.6375 0.3812500000000001 0.5875 0.3812500000000001 0.5875 0.43125 0.6375 0.43125
0 0.58125 0.5140625 0.5078125 0.5140625 0.5078125 0.5953125 0.58125 0.5953125
0 0.9703125 0.5578125000000002 0.890625 0.5578125000000002 0.890625 0.6187500000000001 0.9703125 0.6187500000000001
0 0.7234375000000002 0.775 0.6578125000000001 0.775 0.6578125000000001 0.84375 0.7234375000000002 0.84375
0 0.725 0.5375 0.671875 0.5375 0.671875 0.584375 0.725 0.584375