1 0.9765625 0.7765625000000002 0.9234375 0.7765625000000002 0.9234375 0.8828125 0.9765625 0.8828125
1 0.8921875 0.45312500000000017 0.7765625 0.45312500000000017 0.7765625 0.4968750000000002 0.8921875 0.4968750000000002
1 0.775 0.4515625000000001 0.68125 0.4515625 0.68125 0.48906250000000007 0.775 0.4890625000000002
1 0.678125 0.453125 0.5671875 0.453125 0.5671875 0.4875 0.678125 0.4875
1 0.440625 0.3421875000000001 0.40625 0.3421875000000001 0.40625 0.4015625 0.440625 0.4015625
1 0.4296875 0.2750000000000001 0.3984375 0.2750000000000001 0.3984375 0.3312500000000001 0.4296875 0.3312500000000001
1 0.440625 0.2062500000000001 0.4 0.2062500000000001 0.4 0.27031250000000007 0.440625 0.27031250000000007
1 0.10156250000000007 0.5046875 0.06875000000000006 0.5046875 0.06875000000000006 0.5640625 0.10156250000000008 0.5640625
1 0.10156250000000008 0.6140625 0.06406250000000006 0.6140625 0.06406250000000008 0.6796875 0.10156250000000008 0.6796875
1 0.2843750000000001 0.9359375 0.17031250000000014 0.9359375 0.17031250000000014 0.9765625 0.2843750000000001 0.9765625
1 0.4515625000000002 0.9359375 0.3343750000000001 0.9359375 0.3343750000000001 0.9765625 0.4515625000000002 0.9765625
1 0.6281250000000002 0.940625 0.5031250000000002 0.940625 0.5031250000000002 0.9734375 0.6281250000000002 0.9734375
0 0.3437500000000001 0.4671875 0.29375000000000007 0.4671875 0.29375000000000007 0.5203125 0.3437500000000001 0.5203125
0 0.3437500000000001 0.5296875 0.2906250000000001 0.5296875 0.2906250000000001 0.5796875 0.3437500000000001 0.5796875
0 0.3390625000000001 0.5984375 0.2734375000000001 0.5984375 0.2734375000000001 0.6484375 0.3390625000000001 0.6484375
0 0.2156250000000001 0.56875 0.15000000000000008 0.56875 0.15000000000000008 0.6296875 0.2156250000000001 0.6296875
0 0.2843750000000001 0.684375 0.2250000000000001 0.684375 0.2250000000000001 0.746875 0.2843750000000001 0.746875
0 0.46406250000000016 0.740625 0.40625000000000017 0.740625 0.40625000000000017 0.8015625 0.46406250000000016 0.8015625
0 0.5250000000000001 0.7421875 0.46875000000000017 0.7421875 0.46875000000000017 0.8015625 0.5250000000000001 0.8015625
0 0.7875000000000002 0.7328125000000002 0.7281250000000001 0.7328125000000002 0.7281250000000001 0.8015625 0.7875000000000002 0.8015625
0 0.478125 0.5140625 0.4125 0.5140625 0.4125 0.5828125 0.478125 0.5828125
0 0.4125 0.56875 0.3625000000000001 0.56875 0.3625000000000001 0.61875 0.4125 0.61875
0 0.4921875 0.4046875 0.4203125 0.4046875 0.4203125 0.4859375 0.4921875 0.4859375
0 0.11093750000000005 0.38125 0.03125000000000004 0.38125 0.03125000000000005 0.44375 0.11093750000000005 0.44375
0 0.34375 0.15625000000000006 0.278125 0.15625000000000006 0.278125 0.225 0.34375 0.225
0 0.3281250000000001 0.415625 0.2750000000000001 0.415625 0.2750000000000001 0.4625 0.3281250000000001 0.4625