0 0.2 0.19531250000000003 0.17187500000000006 0.1953125 0.17187500000000006 0.253125 0.2 0.253125
1 0.3703125 0.22656250000000006 0.321875 0.2265625 0.321875 0.26250000000000007 0.3703125 0.26250000000000007
0 0.16406250000000006 0.3859375 0.13750000000000004 0.3859375 0.13750000000000004 0.44375 0.16406250000000006 0.44375
0 0.11093750000000009 0.6125 0.08437500000000006 0.6125 0.08437500000000007 0.66875 0.11093750000000009 0.66875
0 0.10156250000000008 0.7 0.07187500000000009 0.7 0.07187500000000009 0.7640625 0.10156250000000008 0.7640625
0 0.1984375000000001 0.6078125 0.17187500000000008 0.6078125 0.17187500000000008 0.665625 0.1984375000000001 0.665625
0 0.16250000000000003 0.471875 0.14062500000000006 0.471875 0.14062500000000006 0.53125 0.16250000000000003 0.53125
0 0.3781250000000001 0.6484375 0.3531250000000001 0.6484375 0.3531250000000001 0.703125 0.3781250000000001 0.703125
0 0.37968750000000007 0.703125 0.3546875000000001 0.703125 0.3546875000000001 0.7546875 0.37968750000000007 0.7546875
0 0.37968750000000007 0.759375 0.3578125000000001 0.759375 0.3578125000000001 0.8078125 0.37968750000000007 0.8078125
0 0.3781250000000001 0.81875 0.3546875000000001 0.81875 0.3546875000000001 0.8734375 0.3781250000000001 0.8734375
0 0.48125 0.5265625 0.4625 0.5265625 0.4625 0.5734375 0.48125 0.5734375
0 0.5140625 0.4453125 0.490625 0.4453125 0.490625 0.5046875 0.5140625 0.5046875
0 0.415625 0.18906250000000005 0.3796875 0.18906250000000005 0.3796875 0.2406250000000001 0.415625 0.2406250000000001
0 0.3921875000000001 0.38750000000000007 0.3687500000000001 0.38750000000000007 0.3687500000000001 0.4453125 0.3921875000000001 0.4453125
0 0.415625 0.38750000000000007 0.3937500000000001 0.38750000000000007 0.3937500000000001 0.4453125 0.415625 0.4453125
1 0.2796875 0.18437500000000004 0.2203125 0.18437500000000004 0.2203125 0.2125 0.2796875 0.2125
1 0.22372182354421502 0.20595430086747607 0.21383866252611755 0.20117212338970578 0.19635876866940255 0.23729721627222972 0.20624192968750005 0.24207939375
1 0.30140516090923386 0.23859485615697523 0.284535671875 0.20104281874999996 0.2767789765907661 0.2045273563430247 0.293648465625 0.24207939375
1 0.4671875 0.19375000000000003 0.4296875 0.19375000000000003 0.4296875 0.2156250000000001 0.4671875 0.2156250000000001
1 0.4671875 0.696875 0.4296875 0.696875 0.4296875 0.721875 0.4671875 0.721875
1 0.2718750000000001 0.6921875 0.23437500000000008 0.6921875 0.23437500000000008 0.7234375 0.2718750000000001 0.7234375
1 0.17343750000000008 0.69375 0.1375000000000001 0.69375 0.1375000000000001 0.71875 0.17343750000000008 0.71875
1 0.11406250000000004 0.4515625 0.10312500000000005 0.4515625 0.10312500000000005 0.5109375 0.11406250000000004 0.5109375
1 0.11562500000000006 0.5265625 0.10468750000000004 0.5265625 0.10468750000000007 0.5765625 0.11562500000000009 0.5765625
1 0.07031250000000008 0.5984375 0.05937500000000007 0.5984375 0.05937500000000008 0.6640625 0.07031250000000008 0.6640625
1 0.10000000000000009 0.571875 0.07343750000000007 0.571875 0.07343750000000007 0.590625 0.10000000000000009 0.590625
1 0.33281250000000007 0.73125 0.3218750000000001 0.73125 0.3218750000000001 0.796875 0.33281250000000007 0.796875
1 0.41093750000000007 0.7140625 0.4015625 0.7140625 0.4015625000000001 0.75 0.4109375000000002 0.75
1 0.3531250000000001 0.8125 0.3359375000000001 0.8125 0.3359375000000001 0.83125 0.3531250000000001 0.83125
1 0.3937500000000001 0.809375 0.37968750000000007 0.809375 0.37968750000000007 0.8296875 0.3937500000000001 0.8296875
1 0.16875000000000004 0.2328125 0.12968750000000004 0.2328125 0.12968750000000004 0.259375 0.16875000000000004 0.259375
1 0.5515625 0.4171875 0.540625 0.4171875 0.540625 0.49375 0.5515625 0.49375
0 0.8078125 0.4234375000000002 0.7875 0.4234375000000002 0.7875 0.4703125000000002 0.8078125 0.4703125000000002
0 0.8578125 0.46093750000000017 0.8296875 0.46093750000000017 0.8296875 0.5156250000000002 0.8578125 0.5156250000000002
0 0.9515625 0.3906250000000001 0.91875 0.3906250000000001 0.91875 0.45312500000000017 0.9515625 0.45312500000000017