0 0.80625 0.17187500000000008 0.7484375 0.17187500000000008 0.7484375 0.2000000000000001 0.80625 0.2000000000000001
1 0.775 0.3218750000000001 0.7390625 0.3218750000000001 0.7390625 0.3703125000000001 0.775 0.3703125000000001
0 0.6140625 0.1375000000000001 0.5578125 0.1375000000000001 0.5578125 0.16406250000000008 0.6140625 0.16406250000000008
0 0.3875 0.08593750000000004 0.33125 0.08593750000000004 0.33125 0.11093750000000005 0.3875 0.11093750000000005
0 0.3015625 0.07343750000000003 0.2359375 0.07343750000000002 0.2359375 0.10156250000000004 0.3015625 0.10156250000000004
0 0.39375 0.17343750000000005 0.334375 0.17343750000000005 0.334375 0.19843750000000004 0.39375 0.19843750000000004
0 0.528125 0.14062500000000006 0.46875 0.14062500000000006 0.46875 0.16250000000000003 0.528125 0.16250000000000003
0 0.353125 0.353125 0.296875 0.353125 0.29687500000000006 0.378125 0.3531250000000001 0.378125
0 0.29687500000000006 0.3546875 0.246875 0.3546875 0.24687500000000004 0.3796875 0.2968750000000001 0.3796875
0 0.24218750000000006 0.3578125 0.19375000000000003 0.3578125 0.19375000000000003 0.3796875 0.24218750000000008 0.3796875
0 0.18125000000000005 0.3546875 0.12812500000000004 0.3546875 0.12812500000000004 0.3796875 0.18125000000000005 0.3796875
0 0.475 0.4625 0.428125 0.4625 0.428125 0.48125 0.475 0.48125
0 0.55625 0.4921875 0.496875 0.4921875 0.496875 0.5140625 0.55625 0.5140625
0 0.8125 0.37968750000000007 0.759375 0.37968750000000007 0.759375 0.4156250000000002 0.8125 0.4156250000000002
0 0.6125 0.3687500000000001 0.5546875 0.3687500000000001 0.5546875 0.3921875000000001 0.6125 0.3921875000000001
0 0.6125 0.3937500000000001 0.5546875 0.3937500000000001 0.5546875 0.415625 0.6125 0.415625
1 0.815625 0.22031250000000008 0.7875 0.22031250000000008 0.7875 0.2796875000000001 0.815625 0.2796875000000001
1 0.7987243531250001 0.2140526109375001 0.7628257900195693 0.19631467350304702 0.75792060625 0.20624192968750013 0.7938191693554308 0.22397986712195322
1 0.79895718125 0.2845356718750001 0.7954726436569752 0.27677897659076617 0.7579206062499999 0.2936484656250001 0.7614051438430247 0.30140516090923397
1 0.8078125 0.42968750000000017 0.7859375 0.42968750000000017 0.7859375 0.4671875000000002 0.8078125 0.4671875000000002
1 0.3031250000000001 0.4296875 0.27812500000000007 0.4296875 0.27812500000000007 0.4671875 0.3031250000000001 0.4671875
1 0.3078125 0.234375 0.2765625 0.234375 0.2765625 0.271875 0.3078125 0.271875
1 0.30625 0.13750000000000004 0.28125 0.13750000000000004 0.28125 0.17500000000000004 0.30625 0.17500000000000004
1 0.55 0.10468750000000007 0.490625 0.10468750000000004 0.490625 0.11406250000000007 0.55 0.1140625000000001
1 0.475 0.10468750000000004 0.425 0.10468750000000004 0.425 0.11718750000000004 0.475 0.11718750000000004
1 0.403125 0.06093750000000005 0.3375 0.06093750000000005 0.3375 0.07031250000000004 0.403125 0.07031250000000004
1 0.428125 0.07343750000000004 0.409375 0.07343750000000004 0.409375 0.10000000000000005 0.428125 0.10000000000000005
1 0.2703125 0.321875 0.2046875 0.321875 0.2046875 0.334375 0.2703125 0.334375
1 0.28593750000000007 0.4015625 0.2500000000000001 0.4015625 0.2500000000000001 0.4109375 0.28593750000000007 0.4109375
1 0.18750000000000006 0.3375 0.16875000000000004 0.3375 0.16875000000000004 0.353125 0.18750000000000006 0.353125
1 0.19062500000000004 0.3796875 0.17031250000000003 0.3796875 0.17031250000000003 0.3953125 0.19062500000000004 0.3953125
1 0.7671875 0.1296875000000001 0.740625 0.1296875000000001 0.740625 0.1687500000000001 0.7671875 0.1687500000000001
1 0.584375 0.540625 0.5078125 0.540625 0.5078125 0.553125 0.584375 0.553125
0 0.5781250000000002 0.7890625 0.5312500000000002 0.7890625 0.5312500000000002 0.8078125 0.5781250000000002 0.8078125
0 0.5390625000000002 0.8296875 0.4859375000000002 0.8296875 0.4859375000000002 0.8578125 0.5390625000000002 0.8578125
0 0.6109375000000001 0.91875 0.5484375000000001 0.91875 0.5484375000000001 0.9515625 0.6109375000000001 0.9515625