0 0.6984375000000002 0.8515625 0.6359375000000002 0.8515625 0.6359375000000002 0.8828125 0.6984375000000002 0.8828125
0 0.5171875000000001 0.7984375 0.45625000000000016 0.7984375 0.45625000000000016 0.8328125 0.5171875000000001 0.8328125
0 0.2750000000000001 0.6984375 0.21250000000000008 0.6984375 0.21250000000000008 0.7359375 0.2750000000000001 0.7359375
0 0.43437500000000007 0.6921875 0.37187500000000007 0.6921875 0.37187500000000007 0.7265625 0.4343750000000002 0.7265625
0 0.3156250000000001 0.66875 0.25468750000000007 0.66875 0.25468750000000007 0.696875 0.3156250000000001 0.696875
0 0.37187500000000007 0.5484375 0.3031250000000001 0.5484375 0.3031250000000001 0.5796875 0.37187500000000007 0.5796875
0 0.684375 0.4296875 0.621875 0.4296875 0.621875 0.4578125 0.684375 0.4578125
0 0.7515625 0.3906250000000001 0.66875 0.3906250000000001 0.66875 0.4281250000000001 0.7515625 0.4281250000000002
0 0.8234375 0.3296875000000001 0.7328125 0.3296875000000001 0.7328125 0.3671875000000001 0.8234375 0.3671875000000001
0 0.840625 0.13437500000000008 0.703125 0.13437500000000008 0.703125 0.1937500000000001 0.840625 0.1937500000000001
0 0.8421875 0.0796875000000001 0.69375 0.07968750000000009 0.69375 0.14218750000000008 0.8421875 0.14218750000000008
0 0.6109375 0.3296875000000001 0.5203125 0.3296875000000001 0.5203125 0.3687500000000001 0.6109375 0.3687500000000001
0 0.6328125 0.2578125000000001 0.5515625 0.2578125000000001 0.5515625 0.3078125000000001 0.6328125 0.3078125000000001
1 0.2218750000000001 0.4046875 0.15312500000000004 0.4046875 0.15312500000000004 0.50625 0.2218750000000001 0.50625
1 0.3187500000000001 0.8046875 0.2671875000000001 0.8046875 0.2671875000000001 0.884375 0.3187500000000001 0.884375
1 0.3218750000000001 0.7078125 0.26250000000000007 0.7078125 0.26250000000000007 0.7640625 0.3218750000000001 0.7640625
1 0.890625 0.7843750000000002 0.84375 0.7843750000000002 0.84375 0.875 0.890625 0.875
1 0.896875 0.6343750000000001 0.84375 0.6343750000000001 0.84375 0.7218750000000002 0.896875 0.7218750000000002
1 0.890625 0.5484375000000001 0.846875 0.5484375000000001 0.846875 0.5921875000000002 0.890625 0.5921875000000002
1 0.884375 0.3843750000000001 0.846875 0.3843750000000001 0.846875 0.4281250000000002 0.884375 0.4281250000000002