0 0.15000000000000008 0.6359375 0.11875000000000009 0.6359375 0.11875000000000009 0.6984375 0.15000000000000008 0.6984375
0 0.2015625000000001 0.45625 0.16718750000000004 0.45625 0.16718750000000004 0.5171875 0.2015625000000001 0.5171875
0 0.3015625 0.2125 0.265625 0.2125 0.265625 0.275 0.3015625 0.275
0 0.30937500000000007 0.371875 0.2734375000000001 0.371875 0.2734375000000001 0.4328125 0.30937500000000007 0.4328125
0 0.33125 0.2546875 0.303125 0.2546875 0.303125 0.315625 0.33125 0.315625
0 0.4515625 0.3031250000000001 0.4203125 0.3031250000000001 0.4203125 0.37187500000000007 0.4515625 0.37187500000000007
0 0.571875 0.621875 0.54375 0.621875 0.54375 0.684375 0.571875 0.684375
0 0.6109375000000001 0.66875 0.5734375 0.66875 0.5734375 0.7515625 0.6109375000000001 0.7515625
0 0.6703125000000002 0.7328125 0.6328125000000002 0.7328125 0.6328125000000002 0.8234375 0.6703125000000002 0.8234375
0 0.8671875 0.7031250000000002 0.8078125 0.7031250000000002 0.8078125 0.840625 0.8671875 0.840625
0 0.9203125 0.6937500000000002 0.8578125 0.6937500000000002 0.8578125 0.8421875 0.9203125 0.8421875
0 0.671875 0.5203125 0.6328125 0.5203125 0.6328125 0.6109375 0.671875 0.6109375
0 0.7421875 0.5515625000000001 0.6921875 0.5515625 0.6921875 0.6312500000000001 0.7421875 0.6312500000000002
1 0.5953125 0.15312500000000007 0.49375 0.15312500000000004 0.49375 0.2218750000000001 0.5953125 0.2218750000000001
1 0.19687500000000005 0.2671875 0.11718750000000004 0.2671875 0.11718750000000004 0.31875 0.19687500000000005 0.31875
1 0.29375 0.2625 0.2359375 0.2625 0.2359375 0.321875 0.29375 0.321875
1 0.2156250000000001 0.84375 0.12500000000000008 0.84375 0.12500000000000008 0.8890625 0.2156250000000001 0.8890625
1 0.3656250000000001 0.84375 0.27812500000000007 0.84375 0.27812500000000007 0.896875 0.3656250000000001 0.896875
1 0.45312500000000017 0.846875 0.4078125000000002 0.846875 0.4078125000000002 0.890625 0.45312500000000017 0.890625
1 0.6156250000000002 0.846875 0.5718750000000001 0.846875 0.5718750000000001 0.884375 0.6156250000000002 0.884375