0 0.36406250000000007 0.8515625 0.30156250000000007 0.8515625 0.30156250000000007 0.8828125 0.36406250000000007 0.8828125
0 0.5437500000000002 0.7984375 0.4828125000000002 0.7984375 0.4828125000000002 0.8328125 0.5437500000000002 0.8328125
0 0.7875000000000001 0.6984375 0.725 0.6984375 0.7250000000000001 0.7359375000000001 0.7875000000000002 0.7359375000000001
0 0.6296875000000001 0.6921875 0.5671875 0.6921875 0.5671875000000001 0.7265625 0.6296875000000002 0.7265625
0 0.746875 0.6687500000000001 0.6859375 0.66875 0.6859375 0.6968750000000001 0.746875 0.6968750000000001
0 0.696875 0.5484375 0.628125 0.5484375 0.628125 0.5796875 0.696875 0.5796875
0 0.3781250000000001 0.4296875 0.3156250000000001 0.4296875 0.3156250000000001 0.4578125 0.3781250000000001 0.4578125
0 0.33281250000000007 0.390625 0.2500000000000001 0.390625 0.2500000000000001 0.428125 0.33281250000000007 0.428125
0 0.2671875 0.3296875 0.17656250000000004 0.3296875 0.17656250000000004 0.3671875 0.2671875000000001 0.3671875
0 0.2984375 0.13437500000000002 0.1609375 0.134375 0.1609375 0.19375000000000003 0.2984375 0.19375000000000003
0 0.30625 0.07968750000000004 0.1578125 0.07968750000000002 0.1578125 0.14218750000000002 0.30625 0.14218750000000005
0 0.4796875 0.3296875000000001 0.3890625 0.3296875000000001 0.38906250000000003 0.3687500000000001 0.4796875 0.3687500000000001
0 0.45 0.2578125000000001 0.36875 0.2578125000000001 0.36875 0.3078125000000001 0.45 0.3078125000000001
1 0.846875 0.4046875000000002 0.778125 0.4046875000000002 0.778125 0.5062500000000002 0.846875 0.5062500000000002
1 0.7343750000000002 0.8046875 0.6828125000000002 0.8046875 0.6828125000000002 0.884375 0.7343750000000002 0.884375
1 0.7375 0.7078125000000001 0.678125 0.7078125 0.6781250000000001 0.7640625000000001 0.7375000000000002 0.7640625000000002
1 0.15781250000000008 0.784375 0.11093750000000009 0.784375 0.11093750000000009 0.875 0.15781250000000008 0.875
1 0.15781250000000008 0.634375 0.10468750000000009 0.634375 0.10468750000000009 0.721875 0.15781250000000008 0.721875
1 0.1531250000000001 0.5484375 0.10937500000000008 0.5484375 0.10937500000000008 0.5921875 0.1531250000000001 0.5921875
1 0.15312500000000004 0.384375 0.11562500000000005 0.384375 0.11562500000000005 0.428125 0.15312500000000004 0.428125