0 0.2875000000000001 0.7328125 0.2140625000000001 0.7328125 0.2140625000000001 0.7859375 0.2875000000000001 0.7859375
0 0.4265625000000002 0.734375 0.3515625000000001 0.734375 0.3515625000000001 0.784375 0.4265625000000002 0.784375
0 0.4406250000000001 0.671875 0.3531250000000001 0.671875 0.3531250000000001 0.728125 0.44062500000000016 0.728125
0 0.6640625000000001 0.71875 0.5671875 0.71875 0.5671875000000001 0.784375 0.6640625000000002 0.784375
0 0.6828125000000002 0.7796875 0.5890625000000002 0.7796875 0.5890625000000002 0.834375 0.6828125000000002 0.834375
0 0.17812500000000006 0.503125 0.08437500000000006 0.503125 0.08437500000000006 0.5734375 0.1781250000000001 0.5734375
0 0.17968750000000006 0.465625 0.07656250000000006 0.465625 0.07656250000000006 0.53125 0.17968750000000006 0.53125
0 0.15937500000000004 0.3546875 0.07812500000000004 0.3546875 0.07812500000000004 0.4078125 0.15937500000000004 0.4078125
0 0.12812500000000004 0.2921875 0.032812500000000036 0.2921875 0.032812500000000036 0.353125 0.12812500000000004 0.353125
0 0.059375000000000046 0.346875 0.003125000000000043 0.346875 0.003125000000000047 0.4140625 0.059375000000000046 0.4140625
0 0.1046875 0.04687500000000001 0.004687500000000006 0.046875 0.004687500000000009 0.11875 0.1046875 0.11875
0 0.4421875 0.18593750000000003 0.3453125 0.18593750000000003 0.3453125 0.24375000000000005 0.4421875 0.24375000000000008
0 0.8390625 0.13281250000000008 0.7296875 0.13281250000000008 0.7296875 0.1984375000000001 0.8390625 0.1984375000000001
0 0.9875 0.1343750000000001 0.8734375 0.13437500000000008 0.8734375 0.2062500000000001 0.9875 0.2062500000000001
0 0.2890625 2.9276712542116413e-17 0.1890625 2.315347854637965e-17 0.1890625 0.07031250000000003 0.2890625 0.07031250000000004
1 0.83125 0.39531250000000007 0.634375 0.39531250000000007 0.634375 0.4296875000000001 0.83125 0.42968750000000017
1 0.3859375000000001 0.39531250000000007 0.22812500000000008 0.3953125 0.22812500000000008 0.4296875 0.3859375000000001 0.4296875
1 0.91875 0.05625000000000011 0.871875 0.05625000000000011 0.871875 0.0953125000000001 0.91875 0.0953125000000001
1 0.5828125000000002 0.9046875 0.4359375000000002 0.9046875 0.4359375000000002 0.9453125 0.5828125000000002 0.9453125
1 0.5765625 0.3968750000000001 0.4203125 0.3968750000000001 0.4203125 0.4265625 0.5765625 0.4265625