0 0.2875 0.2140625 0.2140625 0.2140625 0.2140625 0.2671875 0.2875 0.2671875
0 0.4265625 0.21562500000000004 0.3515625 0.215625 0.3515625 0.26562500000000006 0.4265625 0.2656250000000001
0 0.440625 0.27187500000000003 0.353125 0.271875 0.353125 0.32812500000000006 0.440625 0.3281250000000001
0 0.6640625 0.2156250000000001 0.5671875 0.2156250000000001 0.5671875 0.2812500000000001 0.6640625 0.2812500000000001
0 0.6828125 0.16562500000000008 0.5890625 0.16562500000000008 0.5890625 0.22031250000000008 0.6828125 0.22031250000000008
0 0.17812500000000003 0.428125 0.08437500000000005 0.428125 0.08437500000000006 0.4984375 0.17812500000000003 0.4984375
0 0.17968750000000006 0.46875 0.07656250000000006 0.46875 0.07656250000000006 0.534375 0.17968750000000006 0.534375
0 0.1593750000000001 0.59375 0.07812500000000007 0.59375 0.07812500000000008 0.646875 0.1593750000000001 0.646875
0 0.1281250000000001 0.646875 0.03281250000000008 0.646875 0.032812500000000085 0.7078125 0.1281250000000001 0.7078125
0 0.05937500000000008 0.5875 0.003125000000000072 0.5875 0.0031250000000000765 0.6546875 0.05937500000000009 0.6546875
0 0.10468750000000011 0.8828125 0.004687500000000108 0.8828125 0.004687500000000113 0.9546875 0.10468750000000013 0.9546875
0 0.4421875000000002 0.7578125 0.3453125000000001 0.7578125 0.3453125000000001 0.815625 0.4421875000000002 0.815625
0 0.8390625 0.8015625 0.7296875000000002 0.8015625 0.7296875000000002 0.8671875 0.8390625 0.8671875
0 0.9875 0.7953125000000002 0.8734375 0.7953125000000002 0.8734375 0.865625 0.9875 0.865625
0 0.2890625000000001 0.9296875 0.18906250000000013 0.9296875 0.18906250000000013 1 0.2890625000000001 1
1 0.83125 0.5718750000000001 0.634375 0.571875 0.634375 0.6062500000000001 0.83125 0.6062500000000002
1 0.3859375000000001 0.5703125 0.22812500000000008 0.5703125 0.22812500000000008 0.6046875 0.3859375000000001 0.6046875
1 0.91875 0.90625 0.871875 0.90625 0.871875 0.9453125 0.91875 0.9453125
1 0.5828125 0.05625000000000006 0.4359375 0.05625000000000004 0.4359375 0.09687500000000006 0.5828125 0.09687500000000007
1 0.5765625 0.5734375 0.4203125 0.5734375 0.4203125 0.603125 0.5765625 0.603125