1 0.659375 0.3812500000000001 0.5109375 0.3812500000000001 0.5109375 0.4125 0.659375 0.4125
1 0.871875 0.37187500000000007 0.8125 0.37187500000000007 0.8125 0.4031250000000002 0.871875 0.4031250000000002
1 0.9375 0.5875000000000001 0.9203125 0.5875000000000001 0.9203125 0.6781250000000002 0.9375 0.6781250000000002
1 0.90625 0.865625 0.7703125000000002 0.865625 0.7703125000000002 0.90625 0.90625 0.90625
1 0.7125000000000001 0.8828125 0.6171875000000002 0.8828125 0.6171875000000002 0.915625 0.7125000000000001 0.915625
1 0.5375000000000002 0.8765625 0.44843750000000016 0.8765625 0.44843750000000016 0.9140625 0.5375000000000002 0.9140625
1 0.3906250000000001 0.8796875 0.3546875000000001 0.8796875 0.3546875000000001 0.9140625 0.3906250000000001 0.9140625
1 0.20468750000000008 0.8046875 0.0984375000000001 0.8046875 0.0984375000000001 0.84375 0.20468750000000008 0.84375
1 0.06406250000000005 0.31875 0.04687500000000004 0.31875 0.04687500000000005 0.421875 0.06406250000000005 0.421875
1 0.06093750000000002 0.2109375 0.042187500000000024 0.2109375 0.04218750000000003 0.2625 0.06093750000000002 0.2625
1 0.06406250000000002 0.1265625 0.04843750000000001 0.1265625 0.048437500000000015 0.178125 0.06406250000000002 0.178125
1 0.1640625 0.07343750000000002 0.1265625 0.07343750000000002 0.1265625 0.10625 0.1640625 0.10625
1 0.31875 0.07031250000000004 0.2875 0.07031250000000004 0.2875 0.09687500000000004 0.31875 0.09687500000000004
1 0.3421875 0.08906250000000004 0.3171875 0.08906250000000004 0.3171875 0.2046875 0.3421875 0.2046875
0 0.4828125000000001 0.675 0.4359375 0.675 0.4359375000000001 0.7421875 0.4828125000000002 0.7421875
0 0.6562500000000001 0.6765625 0.6 0.6765625 0.6000000000000001 0.7484375 0.6562500000000002 0.7484375
0 0.815625 0.4859375000000002 0.7671875 0.4859375000000002 0.7671875 0.5531250000000002 0.815625 0.5531250000000002
0 0.8078125 0.33281250000000007 0.7671875 0.33281250000000007 0.7671875 0.4078125000000002 0.8078125 0.4078125000000002
0 0.321875 0.24375 0.2765625 0.24375 0.2765625 0.31875 0.321875 0.31875
0 0.17031250000000003 0.3859375 0.13125000000000003 0.3859375 0.13125000000000003 0.44375 0.17031250000000003 0.44375
0 0.17031250000000003 0.453125 0.11406250000000004 0.453125 0.11406250000000004 0.521875 0.17031250000000003 0.521875
0 0.153125 0.1328125 0.1171875 0.1328125 0.11718750000000003 0.1859375 0.15312500000000004 0.1859375
0 0.29375000000000007 0.4921875 0.23593750000000008 0.4921875 0.23593750000000008 0.5578125 0.29375000000000007 0.5578125
0 0.3312500000000001 0.73125 0.2843750000000001 0.73125 0.2843750000000001 0.8203125 0.3312500000000001 0.8203125
0 0.3906250000000001 0.68125 0.3375000000000001 0.68125 0.3375000000000001 0.7515625 0.3906250000000001 0.7515625
0 0.2968750000000001 0.825 0.2500000000000001 0.825 0.2500000000000001 0.921875 0.2968750000000001 0.921875