1 0.61875 0.5109375 0.5875 0.5109375 0.5875 0.659375 0.61875 0.659375
1 0.6281250000000002 0.8125 0.5968750000000002 0.8125 0.5968750000000002 0.871875 0.6281250000000002 0.871875
1 0.4125000000000002 0.9203125 0.3218750000000001 0.9203125 0.3218750000000001 0.9375 0.4125000000000002 0.9375
1 0.13437500000000008 0.7703125 0.09375000000000008 0.7703125 0.0937500000000001 0.90625 0.13437500000000008 0.90625
1 0.11875000000000009 0.6171875 0.08593750000000007 0.6171875 0.08593750000000008 0.7125 0.11875000000000009 0.7125
1 0.12343750000000005 0.4484375 0.08593750000000004 0.4484375 0.08593750000000006 0.5375 0.12343750000000005 0.5375
1 0.12031250000000004 0.3546875 0.08593750000000004 0.3546875 0.08593750000000004 0.390625 0.12031250000000004 0.390625
1 0.19531250000000003 0.09843750000000002 0.15625 0.09843750000000002 0.15625000000000003 0.2046875 0.19531250000000006 0.2046875
1 0.68125 0.046875000000000076 0.578125 0.04687500000000007 0.578125 0.06406250000000008 0.68125 0.06406250000000009
1 0.790625 0.04218750000000009 0.7390625 0.042187500000000086 0.7390625 0.06093750000000009 0.790625 0.06093750000000009
1 0.8734375 0.048437500000000105 0.8234375 0.0484375000000001 0.8234375 0.0640625000000001 0.8734375 0.0640625000000001
1 0.928125 0.1265625000000001 0.89375 0.12656250000000008 0.89375 0.1640625000000001 0.928125 0.16406250000000014
1 0.93125 0.2875000000000001 0.9046875 0.2875000000000001 0.9046875 0.3187500000000001 0.93125 0.3187500000000001
1 0.9109375 0.31718750000000007 0.7953125 0.31718750000000007 0.7953125 0.3421875000000001 0.9109375 0.3421875000000001
0 0.3265625000000001 0.4359375 0.2578125000000001 0.4359375 0.2578125000000001 0.4828125 0.3265625000000001 0.4828125
0 0.3234375000000001 0.6 0.2515625000000001 0.6 0.2515625000000001 0.65625 0.3234375000000001 0.65625
0 0.5140625000000002 0.7671875 0.44843750000000016 0.7671875 0.44843750000000016 0.8171875 0.5140625000000002 0.8171875
0 0.6671875000000002 0.7671875 0.5921875000000002 0.7671875 0.5921875000000002 0.8078125 0.6671875000000002 0.8078125
0 0.75625 0.2765625000000001 0.68125 0.2765625000000001 0.68125 0.3234375000000001 0.75625 0.3234375000000001
0 0.6140625 0.1312500000000001 0.55625 0.1312500000000001 0.55625 0.17187500000000008 0.6140625 0.17187500000000008
0 0.546875 0.11406250000000007 0.478125 0.11406250000000004 0.478125 0.17031250000000006 0.546875 0.1703125000000001
0 0.8671875 0.11718750000000008 0.8140625 0.11718750000000008 0.8140625 0.1531250000000001 0.8671875 0.1531250000000001
0 0.5078125 0.23593750000000008 0.4421875 0.23593750000000008 0.4421875 0.2953125000000001 0.5078125 0.2953125000000001
0 0.26875 0.284375 0.18125000000000005 0.284375 0.18125000000000005 0.33125 0.26875 0.33125
0 0.32031250000000006 0.3375 0.25 0.3375 0.25000000000000006 0.390625 0.3203125000000001 0.390625
0 0.17500000000000004 0.25 0.07812500000000003 0.25 0.07812500000000003 0.296875 0.17500000000000004 0.296875