1 0.3890625000000001 0.8109375 0.2515625000000001 0.8109375 0.2515625000000001 0.8515625 0.3890625000000001 0.8515625
1 0.859375 0.11250000000000009 0.575 0.11250000000000009 0.575 0.16406250000000008 0.859375 0.16406250000000008
1 0.971875 0.5578125000000002 0.90625 0.5578125000000002 0.90625 0.7937500000000002 0.971875 0.7937500000000002
0 0.7912179640624999 0.5236818187500001 0.7810005837711872 0.40840357671023264 0.6464688478336871 0.4203274392102327 0.6566862281249999 0.5356056812500001
0 0.47345269531250017 0.6661500000000002 0.37451573742219596 0.6630392361319283 0.37125748437500017 0.7666670453125001 0.4701944422653043 0.769777809180572
0 0.6734579083154364 0.6711599908182768 0.5644706593750001 0.670696590625 0.5640666432470636 0.7657172810567231 0.6730538921875 0.76618068125
0 0.22754491093750007 0.51155681875 0.14932213723841037 0.5111005263326271 0.14890302245139436 0.5829498928582655 0.22712579615048406 0.5834061852756383
0 0.3425149703125 0.5054943187500001 0.297804790625 0.45850909062499995 0.2667619654471648 0.4880488065547852 0.3114721451346648 0.5350340346797853
0 0.2956872118634961 0.4514860958023452 0.293014371875 0.32968181875 0.18016189126150386 0.33215822294765485 0.18283473125 0.4539625
0 0.2626742515625001 0.3205875 0.14770419218750003 0.3190727265625001 0.14622501064663243 0.43134139022525264 0.26119507002163245 0.43285616366275265
0 0.25948143749999997 0.3251352265625 0.25298434534774805 0.21788683202708564 0.15517955472274808 0.22381183202708566 0.161676646875 0.3310602265625
0 0.48502994062500004 0.3196965906250001 0.3786121285179355 0.31190935256221136 0.3702288941429356 0.4264718525622113 0.4766467062500001 0.43425909062500007