1 0.8515625 0.6109375000000001 0.8109375 0.6109375000000001 0.8109375 0.7484375000000002 0.8515625 0.7484375000000002
1 0.16406250000000003 0.140625 0.1125 0.140625 0.11250000000000002 0.425 0.16406250000000006 0.425
1 0.79375 0.028125000000000084 0.5578125 0.028125000000000067 0.5578125 0.09375000000000008 0.79375 0.09375000000000008
0 0.5356056812500001 0.343313771875 0.52368181875 0.20878203593749997 0.4084035767102326 0.21899941622881278 0.42032743921023263 0.3535311521663128
0 0.769777809180572 0.5298055577346961 0.6661500000000002 0.5265473046875002 0.6630392361319284 0.6254842625778043 0.7666670453125002 0.6287425156250002
0 0.7661806812499999 0.3269461078125001 0.6721256819913002 0.32572202554349805 0.670696590625 0.43552934062500015 0.7647515898836997 0.43675342289400215
0 0.5829545453125 0.8502994015625 0.5824980466538634 0.7720412716683971 0.51155681875 0.7724550890625 0.5120133174086366 0.8507132189566029
0 0.5223488640625 0.7005988031250001 0.5212608823536474 0.6570907638666394 0.4574211089161473 0.6586871701166395 0.4585090906249999 0.7021952093750001
0 0.4539625000000001 0.81716526875 0.4501943725294345 0.703007733342807 0.3296818187500001 0.7069856281250001 0.33344994622056556 0.8211431635321931
0 0.43143977343750006 0.8463077843750002 0.42533467482298953 0.7317437868633944 0.3129676279479895 0.7377318103008944 0.3190727265625 0.8522958078125003
0 0.33106022656250006 0.838323353125 0.3251352265625 0.7405185624999999 0.21788683202708564 0.7470156546522518 0.22381183202708566 0.8448204452772519
0 0.43425909062500007 0.5233532937500001 0.3196965906250001 0.5149700593750002 0.3119093525622114 0.6213878714820645 0.42647185256221143 0.6297711058570645