1 0.3890625 0.14843750000000006 0.2515625 0.14843750000000006 0.2515625 0.18906250000000005 0.3890625 0.18906250000000005
1 0.859375 0.8359375 0.5750000000000002 0.8359375 0.5750000000000002 0.8875 0.859375 0.8875
1 0.971875 0.2078125000000001 0.90625 0.2078125000000001 0.90625 0.4437500000000002 0.971875 0.4437500000000002
0 0.7912179640625 0.4763181812500001 0.7330089917910261 0.4034367890178038 0.602070069916026 0.5080151983928036 0.6602790421875 0.580896590625
0 0.4734526953125 0.33385 0.47019444226530427 0.23022219081942813 0.3712574843750001 0.23333295468749998 0.37451573742219585 0.33696076386807183
0 0.6734579083154364 0.32884000918172307 0.6730538921874999 0.23381931874999995 0.5640666432470635 0.23428271894327685 0.564470659375 0.3293034093749999
0 0.22754491093749998 0.48844318124999997 0.227125796150484 0.4165938147243617 0.1489030224513943 0.41705010714173457 0.1493221372384103 0.48889947366737285
0 0.3425149703124999 0.49450568125 0.31147214513466476 0.4649659653202147 0.2667619654471648 0.5119511934452147 0.297804790625 0.541490909375
0 0.2956872118634962 0.5485139041976549 0.18283473125000005 0.5460375 0.18016189126150392 0.667841777052345 0.29301437187500007 0.67031818125
0 0.26267425156250007 0.6794125 0.26119507002163245 0.5671438363372475 0.1462250106466324 0.5686586097747475 0.14770419218750003 0.6809272734375
0 0.2594814375 0.6748647734375 0.1616766468750001 0.6689397734375 0.15517955472274822 0.7761881679729143 0.25298434534774816 0.7821131679729143
0 0.48502994062500004 0.6803034093750001 0.47664670625000005 0.5657409093750001 0.3702288941429356 0.5735281474377888 0.37861212851793546 0.6880906474377888