1 0.17968750000000006 0.2828125 0.12656250000000005 0.2828125 0.12656250000000005 0.4234375 0.17968750000000006 0.4234375
1 0.8578125 0.12500000000000008 0.8234375 0.12500000000000008 0.8234375 0.1937500000000001 0.8578125 0.1937500000000001
1 0.7875 0.4546875000000001 0.5765625 0.4546875 0.5765625 0.4781250000000001 0.7875 0.4781250000000002
1 0.553125 0.565625 0.4171875 0.565625 0.4171875 0.584375 0.553125 0.584375
1 0.36406250000000007 0.825 0.3218750000000001 0.825 0.3218750000000001 0.9 0.36406250000000007 0.9
1 0.1609375000000001 0.66875 0.12343750000000009 0.66875 0.12343750000000009 0.7390625 0.1609375000000001 0.7390625
1 0.5984375000000002 0.959375 0.3890625000000001 0.959375 0.3890625000000001 0.978125 0.5984375000000002 0.978125
0 0.774399775 0.2318928359375 0.7736149532478336 0.18124619587470475 0.6717534673103336 0.18282464431220477 0.6725382890625 0.23347128437499998
0 0.5867117109375001 0.07499526406250007 0.5179375183264775 0.07478880039082614 0.5178355859374999 0.10874304375000006 0.5866097785485225 0.10894950742167397
0 0.772522521875 0.2753108343750001 0.6718015727841137 0.2620465153090118 0.6649400868466137 0.31414835124651175 0.7656610359375 0.3274126703125001
0 0.5379132890625 0.3226761390625001 0.42543899459453166 0.30296931448030745 0.4143736789695317 0.36612325198030743 0.5268479734375001 0.3858300765625001
0 0.4421925671875 0.23287921875 0.44155321807826897 0.18085908005350132 0.3291174071407689 0.18224096286600133 0.32975675625 0.23426110156250002
0 0.4342602428764252 0.12681617591420938 0.4327606452429456 0.07638204631931929 0.32375152892902037 0.0796233000926099 0.32525112656249994 0.13005742968749998
0 0.32600233816997526 0.07613505469609394 0.24268100898190514 0.07479812207237378 0.24192979737442988 0.12161570175127989 0.3252511265625 0.12295263437500004
0 0.40794384286067153 0.6387974148877525 0.4064415912981715 0.5985369055127526 0.33125900937499997 0.6013422140625 0.33276126093749997 0.6416027234374999
0 0.6421666671875002 0.7276494968749999 0.6404121344994793 0.675903662480071 0.5472893860619792 0.6790611515425711 0.54904391875 0.7308069859374999
0 0.6350204041043113 0.7815556652662619 0.5656224799889797 0.7801473777963878 0.5648564172232006 0.8178976005487586 0.6342543413385322 0.8193058880186328
0 0.45157657656250005 0.7173872109375001 0.3713276374926995 0.6940337372303521 0.35915196249269943 0.7358726950428519 0.43940090156250006 0.75922616875
0 0.44448173914869005 0.7844342615657857 0.44406869374999997 0.7568579046874999 0.39133783749999995 0.7576477203124999 0.39175088289869003 0.7852240771907857
0 0.4183727484375 0.7876453515624999 0.41504768661786046 0.738846042395515 0.33394183036786046 0.744372390833015 0.3372668921875 0.7931716999999999
0 0.44031531562500004 0.6897572531249999 0.35078490937500006 0.6416027234374999 0.3270196621380027 0.685787813678603 0.4165500683880026 0.733942343366103
0 0.4440686937500001 0.7894215515624999 0.4142610622500131 0.7360009193437372 0.32548290912501304 0.7855373318437373 0.35529054062500004 0.8389579640625