1 0.7171875 0.12656250000000008 0.5765625 0.12656250000000008 0.5765625 0.17968750000000008 0.7171875 0.17968750000000008
1 0.875 0.8234375 0.80625 0.8234375 0.80625 0.8578125 0.875 0.8578125
1 0.5453125000000001 0.5765625 0.521875 0.5765625 0.5218750000000001 0.7875 0.5453125000000002 0.7875
1 0.4359375 0.4171875 0.4171875 0.4171875 0.4171875 0.553125 0.4359375 0.553125
1 0.17656250000000004 0.321875 0.10156250000000004 0.321875 0.10156250000000004 0.3640625 0.17656250000000004 0.3640625
1 0.33125 0.12343750000000005 0.2625 0.12343750000000005 0.2625 0.16093750000000004 0.33125 0.16093750000000004
1 0.04218750000000006 0.3890625 0.02343750000000005 0.3890625 0.023437500000000062 0.5984375 0.04218750000000008 0.5984375
0 0.81863055 0.7656610359375 0.766528715625 0.6725382890625 0.7243267709477613 0.6961501218924302 0.7764286053227614 0.7892728687674302
0 0.925211199609174 0.5179375183264777 0.89125695625 0.5178355859375001 0.8910504925783261 0.5866097785485225 0.9250047359375001 0.5867117109375001
0 0.7246891656250001 0.7725225218749999 0.7207418593750001 0.669534909375 0.6689790515656607 0.67151887278403 0.6729263578156608 0.7745064852840299
0 0.6773238609375001 0.5379132890624999 0.6757448187499999 0.4217094593749999 0.6127528742948374 0.4225654289074573 0.6143319164823374 0.5387692585949573
0 0.817840734375 0.3357646390625001 0.7657388984375 0.32975675625000006 0.7529621418181871 0.4405599290095899 0.8050639777556873 0.44656781182208993
0 0.9220444046874998 0.4328074328125 0.9204324132517236 0.3244996643583261 0.8699425703125 0.32525112656249994 0.8715545617482763 0.4335588950166739
0 0.9241475841674568 0.32449537987233834 0.9228342218750003 0.24264301874999994 0.8757340033325434 0.24339876544016165 0.877047365625 0.32525112656250005
0 0.39905269374999996 0.40653153125 0.3986577859375 0.331259009375 0.35839050352321056 0.3314702666042975 0.3587854113357105 0.40674278847929746
0 0.32405742968750006 0.6392646390625001 0.31883745384693446 0.5462576467728761 0.2671305272844344 0.5491596748978761 0.27235050312500003 0.6421666671875002
0 0.2184858175881085 0.6342918165868774 0.217091178125 0.5655664421875001 0.17948226213356405 0.5663296374245546 0.18087690159667255 0.6350550118239319
0 0.28261278906250004 0.4515765765625 0.2818235640625001 0.3643018015625 0.24009812289530963 0.3646791243491262 0.2408873478953096 0.4519538993491262
0 0.2431420953125 0.44406869374999997 0.2423522796875 0.39133783749999995 0.21477592280921423 0.39175088289869 0.21556573843421423 0.44448173914869005
0 0.25596980468749997 0.3389639640625 0.20682830000000005 0.3372668921875 0.20403727824646647 0.4180855131337597 0.2531787829339664 0.41978258500875965
0 0.3583972765625001 0.35078490937500006 0.3070852578125 0.3402702703125001 0.2875378447892359 0.4356627243569706 0.33884986353923596 0.4461773634194707
0 0.2213399630199871 0.3341824347459557 0.16366240116529812 0.3285338857043627 0.15290088658281106 0.438420144708407 0.21057844843750004 0.4440686937500001