1 0.4234375000000002 0.8203125 0.2828125000000001 0.8203125 0.2828125000000001 0.875 0.4234375000000002 0.875
1 0.19375 0.14375000000000002 0.125 0.14375 0.125 0.17812500000000003 0.19375 0.17812500000000003
1 0.478125 0.21250000000000008 0.4546875 0.21250000000000008 0.4546875 0.4234375 0.478125 0.4234375
1 0.584375 0.446875 0.5640625 0.446875 0.5640625 0.5828125 0.584375 0.5828125
1 0.9 0.6375000000000002 0.825 0.6375000000000002 0.825 0.6796875000000002 0.9 0.6796875000000002
1 0.7375000000000002 0.840625 0.6687500000000002 0.840625 0.6687500000000002 0.878125 0.7375000000000002 0.878125
1 0.978125 0.4031250000000002 0.959375 0.4031250000000002 0.959375 0.6125000000000002 0.978125 0.6125000000000002
0 0.23347128437500003 0.32746171093750004 0.23189283593749996 0.225600225 0.18124619587470475 0.22638504675216642 0.18282464431220474 0.32824653268966647
0 0.10874304374999996 0.4821644140624999 0.10853597179266569 0.4131875981287994 0.07459976762683787 0.4132894763631886 0.07480683958417214 0.4822662922968891
0 0.32741267031250004 0.23433896406250004 0.2830152124760084 0.21209798985610878 0.2348606827885084 0.30822411641860875 0.279258140625 0.33046509062500007
0 0.38583007656250007 0.4731520265625 0.32267613906250003 0.46208671093750003 0.3029693144803074 0.5745610054054684 0.3661232519803074 0.5856263210304684
0 0.23426110156250002 0.67024324375 0.23287921875 0.5578074328125 0.18085908005350132 0.5584467819217311 0.18224096286600136 0.670882592859231
0 0.13005742968750003 0.6747488734375 0.12681617591420952 0.5657397571235749 0.0763820463193194 0.5672393547570544 0.0796233000926099 0.6762484710709795
0 0.12295263437500012 0.6747488734375 0.08275711667409955 0.6620731356072167 0.054921306850719186 0.750342142228789 0.09511682455161977 0.7630178800590723
0 0.6416094964767894 0.6685297333957025 0.6412145886642894 0.5932572115207025 0.6009473062499999 0.59346846875 0.6013422140625 0.6687409906250001
0 0.7308069859375 0.4509560812500001 0.727649496875 0.35783333281249996 0.675903662480071 0.35958786550052074 0.6790611515425711 0.45271061393802087
0 0.8192226171875001 0.3698490984375001 0.7890940924469935 0.35290878352146543 0.7527802971344936 0.4174932428964655 0.7829088218750001 0.43443355781250015
0 0.7592261687499999 0.5605990984375001 0.7173872109375 0.5484234234375002 0.6940337372303519 0.6286723625073009 0.7358726950428519 0.6408480375073008
0 0.7852240771907858 0.60824911710131 0.7844342615657858 0.55551826085131 0.7568579046874998 0.55593130625 0.7576477203124998 0.6086621624999999
0 0.7931717 0.6627331078124999 0.7876453515625002 0.5816272515625001 0.7388460423955151 0.5849523133821395 0.744372390833015 0.6660581696321395
0 0.6946668478323128 0.5597707409538972 0.6431863427508009 0.5588683780479308 0.6414342371059882 0.6588273667815339 0.6929147421875002 0.6597297296875003
0 0.8389579640625001 0.6447094593750001 0.7894215515624999 0.55593130625 0.7360009193437372 0.5857389377499869 0.7855373318437373 0.6745170908749871