1 0.9203125 0.5187500000000002 0.8765625 0.5187500000000002 0.8765625 0.7031250000000002 0.9203125 0.7031250000000002
1 0.85 0.7531250000000002 0.7718750000000002 0.7531250000000002 0.7718750000000002 0.7921875000000002 0.85 0.7921875000000002
1 0.6640625000000002 0.75 0.5796875000000001 0.75 0.5796875000000001 0.79375 0.6640625000000002 0.79375
1 0.5265625000000002 0.759375 0.4968750000000002 0.759375 0.4968750000000002 0.7875 0.5265625000000002 0.7875
1 0.4515625000000002 0.759375 0.42187500000000017 0.759375 0.42187500000000017 0.79375 0.4515625000000002 0.79375
1 0.3625000000000001 0.7421875 0.27812500000000007 0.7421875 0.27812500000000007 0.7984375 0.3625000000000001 0.7984375
1 0.21875000000000008 0.615625 0.1937500000000001 0.615625 0.1937500000000001 0.7125 0.21875000000000008 0.7125
1 0.3609375 0.06093750000000005 0.2734375 0.06093750000000005 0.2734375 0.09843750000000004 0.3609375 0.09843750000000004
1 0.721875 0.05625000000000008 0.6296875 0.056250000000000064 0.6296875 0.10000000000000009 0.721875 0.10000000000000009
1 0.75 0.11093750000000009 0.7296875 0.11093750000000009 0.7296875 0.2234375000000001 0.75 0.2234375000000001
1 0.7546875 0.23593750000000008 0.7234375 0.23593750000000008 0.7234375 0.3375000000000001 0.7546875 0.3375000000000001
1 0.75 0.35625000000000007 0.725 0.35625000000000007 0.725 0.41875000000000007 0.75 0.4187500000000002
1 0.8484375 0.4187500000000002 0.7734375 0.4187500000000002 0.7734375 0.45625000000000016 0.8484375 0.45625000000000016
0 0.79375 0.3593750000000001 0.74375 0.3593750000000001 0.74375 0.42500000000000016 0.79375 0.42500000000000016
0 0.4640625 0.409375 0.4203125 0.409375 0.4203125 0.4796875 0.4640625 0.4796875
0 0.415625 0.478125 0.36406250000000007 0.478125 0.36406250000000007 0.5515625 0.415625 0.5515625
0 0.4265625 0.26250000000000007 0.365625 0.26250000000000007 0.365625 0.3437500000000001 0.4265625 0.3437500000000001
0 0.2796875 0.2765625 0.2328125 0.2765625 0.2328125 0.340625 0.2796875 0.340625
0 0.5031250000000002 0.759375 0.4437500000000002 0.759375 0.4437500000000002 0.84375 0.5031250000000002 0.84375