1 0.12343750000000006 0.51875 0.07968750000000006 0.51875 0.07968750000000008 0.703125 0.12343750000000009 0.703125
1 0.22812500000000008 0.753125 0.1515625000000001 0.753125 0.1515625000000001 0.7921875 0.22812500000000008 0.7921875
1 0.42187500000000017 0.75 0.3359375000000001 0.75 0.3359375000000001 0.79375 0.42187500000000017 0.79375
1 0.5046875000000002 0.759375 0.4750000000000002 0.759375 0.4750000000000002 0.7859375 0.5046875000000002 0.7859375
1 0.5796875000000001 0.759375 0.5500000000000002 0.759375 0.5500000000000002 0.79375 0.5796875000000001 0.79375
1 0.7234375000000002 0.7421875 0.6375000000000002 0.7421875 0.6375000000000002 0.7984375 0.7234375000000002 0.7984375
1 0.80625 0.6156250000000002 0.78125 0.6156250000000002 0.78125 0.7125000000000001 0.80625 0.7125000000000001
1 0.728125 0.06093750000000009 0.6390625 0.06093750000000009 0.6390625 0.0984375000000001 0.728125 0.0984375000000001
1 0.3703125 0.05625000000000004 0.278125 0.05625000000000004 0.278125 0.10000000000000005 0.3703125 0.10000000000000005
1 0.271875 0.11093750000000005 0.2515625 0.11093750000000005 0.2515625 0.2234375 0.271875 0.2234375
1 0.278125 0.2359375 0.246875 0.2359375 0.246875 0.3375 0.278125 0.3375
1 0.275 0.35625 0.2515625 0.35625 0.2515625 0.4171875 0.2750000000000001 0.4171875
1 0.22656250000000008 0.41875 0.15312500000000004 0.41875 0.15312500000000004 0.45625 0.22656250000000008 0.45625
0 0.25625000000000003 0.3578125 0.20625 0.3578125 0.20625000000000004 0.425 0.2562500000000001 0.425
0 0.58125 0.409375 0.5375 0.409375 0.5375 0.4796875 0.58125 0.4796875
0 0.6359375 0.478125 0.584375 0.478125 0.584375 0.5515625 0.6359375 0.5515625
0 0.634375 0.26250000000000007 0.5734375 0.26250000000000007 0.5734375 0.3421875000000001 0.634375 0.3421875000000001
0 0.76875 0.2765625000000001 0.7203125 0.2765625000000001 0.7203125 0.34062500000000007 0.76875 0.34062500000000007
0 0.5562500000000001 0.759375 0.4968750000000002 0.759375 0.4968750000000002 0.84375 0.5562500000000001 0.84375