1 0.48125 0.07968750000000005 0.296875 0.07968750000000005 0.296875 0.12343750000000005 0.48125 0.12343750000000005
1 0.2484375 0.15156250000000004 0.209375 0.15156250000000004 0.209375 0.2296875 0.2484375 0.2296875
1 0.25000000000000006 0.3375 0.20625 0.3375 0.20625000000000004 0.421875 0.2500000000000001 0.421875
1 0.24218750000000008 0.475 0.2140625000000001 0.475 0.2140625000000001 0.5046875 0.24218750000000008 0.5046875
1 0.24218750000000008 0.55 0.2078125000000001 0.55 0.2078125000000001 0.5796875 0.24218750000000008 0.5796875
1 0.2578125000000001 0.6390625 0.2015625000000001 0.6390625 0.2015625000000001 0.7234375 0.2578125000000001 0.7234375
1 0.3843750000000001 0.78125 0.2875000000000001 0.78125 0.2875000000000001 0.80625 0.3843750000000001 0.80625
1 0.9390625 0.6406250000000002 0.9015625 0.6406250000000002 0.9015625 0.7281250000000001 0.9390625 0.7281250000000001
1 0.94375 0.27812500000000007 0.9 0.27812500000000007 0.9 0.3703125000000001 0.94375 0.3703125000000001
1 0.890625 0.2515625000000001 0.778125 0.2515625000000001 0.778125 0.2718750000000001 0.890625 0.2718750000000001
1 0.7640625 0.2468750000000001 0.6625 0.2468750000000001 0.6625 0.27812500000000007 0.7640625 0.27812500000000007
1 0.6453125 0.2515625000000001 0.5828125 0.2515625000000001 0.5828125 0.2765625000000001 0.6453125 0.2765625000000001
1 0.5828125 0.1531250000000001 0.5453125 0.1531250000000001 0.5453125 0.22812500000000008 0.5828125 0.22812500000000008
0 0.6421875 0.2062500000000001 0.5765625 0.2062500000000001 0.5765625 0.2562500000000001 0.6421875 0.2562500000000001
0 0.590625 0.5375 0.5203125 0.5375 0.5203125 0.58125 0.590625 0.58125
0 0.521875 0.584375 0.4484375 0.584375 0.4484375 0.6359375 0.521875 0.6359375
0 0.7390625 0.5734375 0.6578125 0.5734375 0.6578125 0.6343750000000001 0.7390625 0.6343750000000001
0 0.7234375000000001 0.721875 0.659375 0.721875 0.659375 0.76875 0.7234375000000002 0.76875
0 0.24218750000000008 0.496875 0.15781250000000005 0.496875 0.15781250000000008 0.55625 0.24218750000000008 0.55625