0 0.2656250000000001 0.5390625 0.23437500000000008 0.5390625 0.23437500000000008 0.596875 0.2656250000000001 0.596875
0 0.27031250000000007 0.603125 0.2328125000000001 0.603125 0.2328125000000001 0.6625 0.27031250000000007 0.6625
0 0.3062500000000001 0.6796875 0.2687500000000001 0.6796875 0.2687500000000001 0.7328125 0.3062500000000001 0.7328125
0 0.321875 0.3625 0.275 0.3625 0.275 0.415625 0.3218750000000001 0.415625
0 0.39843750000000006 0.35625000000000007 0.35625 0.35625 0.35625000000000007 0.4171875 0.3984375000000001 0.4171875
0 0.5015625 0.3921875000000001 0.46875 0.3921875000000001 0.46875 0.4640625 0.5015625 0.4640625
0 0.4984375 0.24375000000000008 0.453125 0.24375000000000008 0.453125 0.3156250000000001 0.4984375 0.3156250000000001
0 0.3265625000000001 0.746875 0.2828125000000001 0.746875 0.2828125000000001 0.7984375 0.3265625000000001 0.7984375
0 0.6734375 0.671875 0.6421875 0.671875 0.6421875 0.725 0.6734375 0.725
0 0.75 0.6656250000000001 0.7125 0.665625 0.7125 0.7250000000000001 0.75 0.7250000000000002
0 0.7546875 0.6125000000000002 0.7265625 0.6125000000000002 0.7265625 0.6718750000000002 0.7546875 0.6718750000000002
0 0.5734375 0.4578125 0.5328125 0.4578125 0.5328125 0.5328125 0.5734375 0.5328125
0 0.4375 0.51875 0.403125 0.51875 0.403125 0.596875 0.4375 0.596875
1 0.14062500000000003 0.159375 0.09687500000000002 0.159375 0.09687500000000002 0.196875 0.14062500000000006 0.196875
1 0.28125 0.14843750000000006 0.23125 0.14843750000000006 0.23125 0.19218750000000004 0.28125 0.19218750000000004
1 0.4625 0.15781250000000005 0.421875 0.15781250000000005 0.421875 0.19218750000000004 0.4625 0.19218750000000004
1 0.24375000000000008 0.725 0.2156250000000001 0.725 0.2156250000000001 0.765625 0.24375000000000008 0.765625
1 0.38750000000000007 0.728125 0.3156250000000001 0.728125 0.3156250000000001 0.7625 0.38750000000000007 0.7625
1 0.4906250000000002 0.73125 0.4343750000000002 0.73125 0.4343750000000002 0.765625 0.4906250000000002 0.765625
1 0.9 0.7640625000000002 0.878125 0.7640625000000002 0.878125 0.8359375 0.9 0.8359375
1 0.9 0.6359375000000002 0.878125 0.6359375000000002 0.878125 0.7000000000000002 0.9 0.7000000000000002
1 0.8984375 0.5046875000000002 0.8765625 0.5046875000000002 0.8765625 0.5828125000000002 0.8984375 0.5828125000000002
1 0.9015625 0.3921875000000001 0.875 0.3921875000000001 0.875 0.4546875000000002 0.9015625 0.4546875000000002
1 0.871875 0.2968750000000001 0.7703125 0.2968750000000001 0.7703125 0.3375000000000001 0.871875 0.3375000000000001