0 0.2640625000000001 0.4046875 0.23437500000000008 0.4046875 0.23437500000000008 0.4625 0.2640625000000001 0.4625
0 0.27031250000000007 0.3375 0.2328125 0.3375 0.23281250000000003 0.3984375 0.27031250000000007 0.3984375
0 0.30625 0.2671875 0.26875 0.2671875 0.26875 0.3203125 0.30625 0.3203125
0 0.3218750000000001 0.584375 0.2750000000000001 0.584375 0.2750000000000001 0.6375 0.3218750000000001 0.6375
0 0.3984375000000001 0.5828125 0.35625000000000007 0.5828125 0.35625000000000007 0.64375 0.3984375000000001 0.64375
0 0.5015625 0.5375 0.46875 0.5375 0.46875 0.609375 0.5015625 0.609375
0 0.4984375000000001 0.684375 0.453125 0.684375 0.4531250000000001 0.7578125 0.4984375000000002 0.7578125
0 0.3265625 0.2015625 0.28125 0.2015625 0.28125 0.253125 0.3265625 0.253125
0 0.6734375 0.2765625000000001 0.6421875 0.2765625000000001 0.6421875 0.3296875000000001 0.6734375 0.3296875000000001
0 0.75 0.2765625000000001 0.7125 0.2765625000000001 0.7125 0.3359375000000001 0.75 0.3359375000000001
0 0.7546875 0.3281250000000001 0.725 0.3281250000000001 0.725 0.38750000000000007 0.7546875 0.38750000000000007
0 0.5734375 0.46875 0.5328125 0.46875 0.5328125 0.5421875 0.5734375 0.5421875
0 0.4375 0.4046875 0.403125 0.4046875 0.403125 0.48125 0.4375 0.48125
1 0.14062500000000008 0.8046875 0.09687500000000009 0.8046875 0.0968750000000001 0.8421875 0.14062500000000008 0.8421875
1 0.2812500000000001 0.8078125 0.2312500000000001 0.8078125 0.2312500000000001 0.8515625 0.2812500000000001 0.8515625
1 0.4625000000000002 0.8078125 0.42187500000000017 0.8078125 0.42187500000000017 0.8421875 0.4625000000000002 0.8421875
1 0.24375 0.2359375 0.215625 0.2359375 0.215625 0.2765625 0.24375 0.2765625
1 0.3875 0.23750000000000004 0.315625 0.2375 0.315625 0.27187500000000003 0.3875 0.2718750000000001
1 0.490625 0.23593750000000008 0.4328125 0.23593750000000008 0.4328125 0.2687500000000001 0.490625 0.2687500000000001
1 0.9 0.16562500000000008 0.878125 0.16562500000000008 0.878125 0.2375000000000001 0.9 0.2375000000000001
1 0.9 0.3000000000000001 0.878125 0.3000000000000001 0.878125 0.36406250000000007 0.9 0.36406250000000007
1 0.896875 0.4187500000000002 0.8765625 0.4187500000000002 0.8765625 0.49531250000000016 0.896875 0.49531250000000016
1 0.9015625 0.5468750000000002 0.875 0.5468750000000002 0.875 0.6078125000000002 0.9015625 0.6078125000000002
1 0.871875 0.6625000000000002 0.7703125 0.6625000000000002 0.7703125 0.7031250000000002 0.871875 0.7031250000000002