0 0.2218750000000001 0.596875 0.1937500000000001 0.596875 0.1937500000000001 0.628125 0.2218750000000001 0.628125
0 0.16406250000000008 0.559375 0.12343750000000009 0.559375 0.12343750000000009 0.596875 0.16406250000000008 0.596875
0 0.16406250000000006 0.4703125 0.13593750000000004 0.4703125 0.13593750000000004 0.5 0.16406250000000006 0.5
0 0.2531250000000001 0.5609375 0.22812500000000008 0.5609375 0.22812500000000008 0.5984375 0.2531250000000001 0.5984375
0 0.2609375000000001 0.640625 0.2250000000000001 0.640625 0.2250000000000001 0.675 0.2609375000000001 0.675
0 0.2000000000000001 0.803125 0.1687500000000001 0.803125 0.1687500000000001 0.85 0.2000000000000001 0.85
1 0.3656250000000001 0.8296875 0.34062500000000007 0.8296875 0.34062500000000007 0.8828125 0.3656250000000001 0.8828125
1 0.32500000000000007 0.9 0.24375000000000008 0.9 0.24375000000000008 0.9296875 0.32500000000000007 0.9296875
1 0.36406250000000007 0.7125 0.3437500000000001 0.7125 0.3437500000000001 0.7546875 0.36406250000000007 0.7546875
1 0.3609375000000001 0.6515625 0.3546875000000001 0.6515625 0.3546875000000001 0.6671875 0.3609375000000001 0.6671875
1 0.3578125000000001 0.596875 0.34843750000000007 0.596875 0.34843750000000007 0.6171875 0.3578125000000001 0.6171875
1 0.3609375000000001 0.5078125 0.3453125000000001 0.5078125 0.3453125000000001 0.5625 0.3609375000000001 0.5625
1 0.3281250000000001 0.440625 0.2875000000000001 0.440625 0.2875000000000001 0.4609375 0.3281250000000001 0.4609375
1 0.05312500000000007 0.4984375 0.037500000000000054 0.4984375 0.03750000000000006 0.5609375 0.05312500000000007 0.5609375
1 0.05625000000000009 0.7375 0.03593750000000009 0.7375 0.035937500000000094 0.8 0.05625000000000009 0.8
1 0.19531250000000008 0.796875 0.05468750000000009 0.796875 0.0546875000000001 0.8265625 0.19531250000000008 0.8265625
1 0.2171875000000001 0.83125 0.1984375000000001 0.83125 0.1984375000000001 0.890625 0.2171875000000001 0.890625
1 0.9 0.83125 0.878125 0.83125 0.878125 0.89375 0.9 0.89375
1 0.909375 0.7171875000000002 0.8828125 0.7171875000000002 0.8828125 0.7609375000000002 0.909375 0.7609375000000002
1 0.9046875 0.5375000000000002 0.8828125 0.5375000000000002 0.8828125 0.5812500000000002 0.9046875 0.5812500000000002
1 0.5968750000000002 0.740625 0.5734375000000002 0.740625 0.5734375000000002 0.7890625 0.5968750000000002 0.7890625
1 0.596875 0.6671875 0.5734375 0.6671875 0.5734375 0.7109375 0.596875 0.7109375
1 0.59375 0.6 0.578125 0.6 0.578125 0.6625 0.59375 0.6625
1 0.5953125 0.5078125 0.5734375 0.5078125 0.5734375 0.5609375 0.5953125 0.5609375
1 0.8296875 0.12343750000000009 0.80625 0.12343750000000009 0.80625 0.2328125000000001 0.8296875 0.2328125000000001
1 0.58125 0.11093750000000006 0.54375 0.11093750000000005 0.54375 0.13281250000000006 0.58125 0.13281250000000008
1 0.653125 0.11093750000000009 0.6046875 0.11093750000000009 0.6046875 0.12343750000000009 0.653125 0.12343750000000009
1 0.715625 0.10937500000000008 0.675 0.10937500000000008 0.675 0.1281250000000001 0.715625 0.1281250000000001
1 0.7859375 0.1062500000000001 0.7390625 0.1062500000000001 0.7390625 0.1281250000000001 0.7859375 0.1281250000000001
0 0.6265625000000001 0.6921875 0.5953125 0.6921875 0.5953125000000001 0.7265625 0.6265625000000001 0.7265625
0 0.5859375 0.678125 0.5453125 0.678125 0.5453125 0.7046875 0.5859375 0.7046875
0 0.7031250000000001 0.725 0.6703125 0.725 0.6703125000000001 0.7546875 0.7031250000000002 0.7546875
0 0.6671875 0.725 0.63125 0.725 0.6312500000000001 0.7625 0.6671875000000002 0.7625
0 0.7046875 0.559375 0.6671875 0.559375 0.6671875 0.596875 0.7046875 0.596875
0 0.8015625 0.5984375000000002 0.7671875 0.5984375000000002 0.7671875 0.6359375000000002 0.8015625 0.6359375000000002
0 0.7953125 0.6718750000000002 0.7640625 0.6718750000000002 0.7640625 0.7187500000000002 0.7953125 0.7187500000000002
0 0.7765625 0.48437500000000017 0.7421875 0.48437500000000017 0.7421875 0.5281250000000002 0.7765625 0.5281250000000002
0 0.8609375 0.5031250000000002 0.8234375 0.5031250000000002 0.8234375 0.5375000000000002 0.8609375 0.5375000000000002
0 0.634375 0.32500000000000007 0.590625 0.32500000000000007 0.590625 0.3656250000000001 0.634375 0.3656250000000001
0 0.625 0.2468750000000001 0.5875 0.2468750000000001 0.5875 0.29375000000000007 0.625 0.29375000000000007
0 0.6546875 0.2453125000000001 0.6203125 0.2453125000000001 0.6203125 0.2796875000000001 0.6546875 0.2796875000000001
0 0.7359375 0.4281250000000001 0.6984375 0.428125 0.6984375 0.4640625000000001 0.7359375 0.46406250000000016
1 0.8625 0.4500000000000002 0.8125 0.4500000000000002 0.8125 0.47656250000000017 0.8625 0.47656250000000017
0 0.925 0.6218750000000002 0.8890625 0.6218750000000002 0.8890625 0.6625000000000002 0.925 0.6625000000000002