0 0.403125 0.19375000000000003 0.371875 0.19375000000000003 0.371875 0.2218750000000001 0.403125 0.2218750000000001
0 0.440625 0.12343750000000005 0.403125 0.12343750000000005 0.403125 0.16406250000000006 0.440625 0.16406250000000006
0 0.5296875 0.13593750000000004 0.5 0.13593750000000004 0.5 0.16250000000000003 0.5296875 0.16250000000000003
0 0.4390625 0.22656250000000008 0.4015625 0.22656250000000008 0.4015625 0.2531250000000001 0.4390625 0.2531250000000001
0 0.3609375 0.225 0.3265625 0.225 0.3265625 0.2609375 0.3609375 0.2609375
0 0.19687500000000002 0.16875 0.1515625 0.16875 0.15156250000000002 0.2 0.19687500000000005 0.2
1 0.17187500000000006 0.3390625 0.11875000000000005 0.3390625 0.11875000000000005 0.365625 0.17187500000000006 0.365625
1 0.10000000000000005 0.24375 0.07031250000000003 0.24375 0.07031250000000003 0.325 0.10000000000000005 0.325
1 0.28750000000000003 0.34375 0.2453125 0.34375 0.24531250000000004 0.3640625 0.2875000000000001 0.3640625
1 0.35 0.353125 0.3328125 0.353125 0.3328125 0.3609375 0.35 0.3609375
1 0.403125 0.34843750000000007 0.3828125 0.34843750000000007 0.3828125 0.3578125000000001 0.403125 0.3578125000000001
1 0.4921875 0.3437500000000001 0.4375 0.3437500000000001 0.4375 0.3609375000000001 0.4921875 0.3609375000000001
1 0.559375 0.2875000000000001 0.5390625 0.2875000000000001 0.5390625 0.3281250000000001 0.559375 0.3281250000000001
1 0.5015625 0.03750000000000006 0.440625 0.037500000000000054 0.440625 0.053125000000000054 0.5015625 0.05312500000000007
1 0.2625 0.035937500000000025 0.2 0.035937500000000025 0.2 0.05625000000000002 0.2625 0.05625000000000002
1 0.2046875 0.05312500000000002 0.175 0.05312500000000002 0.17500000000000002 0.19531250000000003 0.2046875 0.19531250000000006
1 0.17031250000000003 0.1984375 0.10937500000000004 0.1984375 0.10937500000000004 0.2171875 0.17031250000000003 0.2171875
1 0.1687500000000001 0.878125 0.10781250000000009 0.878125 0.10781250000000009 0.9 0.1687500000000001 0.9
1 0.2828125000000001 0.8828125 0.2390625000000001 0.8828125 0.2390625000000001 0.909375 0.2828125000000001 0.909375
1 0.4625000000000002 0.8828125 0.4187500000000002 0.8828125 0.4187500000000002 0.9046875 0.4625000000000002 0.9046875
1 0.2609375000000001 0.5734375 0.21250000000000008 0.5734375 0.21250000000000008 0.596875 0.2609375000000001 0.596875
1 0.33281250000000007 0.5734375 0.2906250000000001 0.5734375 0.2906250000000001 0.596875 0.33281250000000007 0.596875
1 0.4015625 0.578125 0.3375000000000001 0.578125 0.3375000000000001 0.59375 0.4015625 0.59375
1 0.4921875 0.5734375 0.4390625 0.5734375 0.4390625 0.5953125 0.4921875 0.5953125
1 0.8765625 0.80625 0.7671875000000001 0.80625 0.7671875000000001 0.8296875 0.8765625 0.8296875
1 0.890625 0.5437500000000002 0.86875 0.5437500000000002 0.86875 0.5812500000000002 0.890625 0.5812500000000002
1 0.8890625 0.6046875000000002 0.878125 0.6046875000000002 0.878125 0.6531250000000002 0.8890625 0.6531250000000002
1 0.8921875 0.6734375000000001 0.871875 0.6734375000000001 0.871875 0.7156250000000002 0.8921875 0.7156250000000002
1 0.8953125 0.7390625000000002 0.871875 0.7390625000000002 0.871875 0.7859375000000002 0.8953125 0.7859375000000002
0 0.3078125000000001 0.5953125 0.2734375000000001 0.5953125 0.2734375000000001 0.6265625 0.3078125000000001 0.6265625
0 0.3234375000000001 0.5453125 0.2968750000000001 0.5453125 0.2968750000000001 0.5859375 0.3234375000000001 0.5859375
0 0.2750000000000001 0.6703125 0.2453125000000001 0.6703125 0.2453125000000001 0.703125 0.2750000000000001 0.703125
0 0.2750000000000001 0.63125 0.2375000000000001 0.63125 0.2375000000000001 0.6671875 0.2750000000000001 0.6671875
0 0.4421875 0.665625 0.403125 0.665625 0.403125 0.7046875 0.4421875 0.7046875
0 0.40156250000000016 0.7671875 0.36406250000000007 0.7671875 0.36406250000000007 0.8 0.40156250000000016 0.8
0 0.3281250000000001 0.7640625 0.2812500000000001 0.7640625 0.2812500000000001 0.7953125 0.3281250000000001 0.7953125
0 0.5156250000000002 0.7421875 0.47187500000000016 0.7421875 0.47187500000000016 0.775 0.5156250000000002 0.775
0 0.4968750000000002 0.8234375 0.46406250000000016 0.8234375 0.46406250000000016 0.859375 0.4968750000000002 0.859375
0 0.6765625 0.590625 0.6359375 0.590625 0.6359375 0.6328125 0.6765625 0.6328125
0 0.753125 0.5875000000000001 0.70625 0.5875 0.70625 0.6234375000000001 0.753125 0.6234375000000002
0 0.7546875 0.6203125 0.7203125 0.6203125 0.7203125 0.6546875000000001 0.7546875 0.6546875000000002
0 0.5718750000000001 0.6984375 0.5359375 0.6984375 0.5359375000000001 0.7359375 0.5718750000000001 0.7359375
1 0.5500000000000002 0.8125 0.5234375000000002 0.8125 0.5234375000000002 0.8625 0.5500000000000002 0.8625
0 0.3781250000000001 0.8890625 0.3375000000000001 0.8890625 0.3375000000000001 0.925 0.3781250000000001 0.925