0 0.184375 0.1375 0.15625 0.1375 0.15625 0.17031250000000003 0.184375 0.17031250000000003
0 0.38906250000000003 0.32500000000000007 0.3421875 0.325 0.34218750000000003 0.36562500000000003 0.3890625000000001 0.3656250000000001
0 0.3578125 0.19687500000000005 0.325 0.19687500000000005 0.325 0.234375 0.3578125 0.234375
0 0.40625 0.16093750000000004 0.375 0.16093750000000004 0.375 0.19531250000000006 0.40625 0.19531250000000006
0 0.5296875 0.10156250000000004 0.4984375 0.10156250000000004 0.4984375 0.13593750000000004 0.5296875 0.13593750000000004
0 0.4359375 0.09687500000000004 0.4015625 0.09687500000000004 0.4015625 0.13437500000000005 0.4359375 0.13437500000000005
0 0.4375 0.19687500000000005 0.40625 0.19687500000000005 0.40625 0.22656250000000008 0.4375 0.22656250000000008
1 0.1609375 0.1703125 0.115625 0.1703125 0.11562500000000002 0.1890625 0.16093750000000004 0.1890625
1 0.09062500000000004 0.2140625 0.07500000000000002 0.2140625 0.07500000000000004 0.3 0.09062500000000004 0.3
1 0.16406250000000006 0.3234375 0.11250000000000004 0.3234375 0.11250000000000004 0.3421875 0.16406250000000006 0.3421875
1 0.290625 0.3234375 0.2421875 0.3234375 0.2421875 0.3421875 0.290625 0.3421875
1 0.4953125 0.3218750000000001 0.4375 0.3218750000000001 0.4375 0.34062500000000007 0.4953125 0.34062500000000007
1 0.5578125 0.26250000000000007 0.5390625 0.26250000000000007 0.5390625 0.3031250000000001 0.5578125 0.3031250000000001
1 0.503125 0.001562500000000058 0.440625 0.001562500000000054 0.440625 0.021875000000000058 0.503125 0.02187500000000006
1 0.196875 0.026562500000000024 0.1734375 0.026562500000000024 0.1734375 0.14375000000000002 0.196875 0.14375000000000004
1 0.265625 0.0015625000000000285 0.1984375 0.0015625000000000244 0.1984375 0.021875000000000026 0.265625 0.021875000000000033
1 0.2562500000000001 0.5609375 0.2156250000000001 0.5609375 0.2156250000000001 0.58125 0.2562500000000001 0.58125
1 0.3890625000000001 0.559375 0.3312500000000001 0.559375 0.3312500000000001 0.5796875 0.3890625000000001 0.5796875
1 0.4984375 0.559375 0.434375 0.559375 0.434375 0.58125 0.4984375 0.58125
1 0.15781250000000008 0.8765625 0.10468750000000009 0.8765625 0.10468750000000009 0.9015625 0.15781250000000008 0.9015625
1 0.2828125000000001 0.8765625 0.23437500000000008 0.8765625 0.23437500000000008 0.9 0.2828125000000001 0.9
1 0.4656250000000002 0.8796875 0.4265625000000002 0.8796875 0.4265625000000002 0.8984375 0.4656250000000002 0.8984375
1 0.5453125000000002 0.80625 0.5328125000000001 0.80625 0.5328125000000001 0.8671875 0.5453125000000002 0.8671875
0 0.5062500000000002 0.73125 0.4734375000000002 0.73125 0.4734375000000002 0.771875 0.5062500000000002 0.771875
0 0.4390625 0.65625 0.4046875 0.65625 0.4046875 0.6953125 0.4390625 0.6953125
0 0.4000000000000002 0.759375 0.3656250000000001 0.759375 0.3656250000000001 0.7921875 0.4000000000000002 0.7921875
0 0.49531250000000016 0.81875 0.46093750000000017 0.81875 0.46093750000000017 0.8515625 0.49531250000000016 0.8515625
0 0.2718750000000001 0.65625 0.2375000000000001 0.65625 0.2375000000000001 0.6890625 0.2718750000000001 0.6890625
0 0.2750000000000001 0.6171875 0.2375000000000001 0.6171875 0.2375000000000001 0.653125 0.2750000000000001 0.653125
0 0.3062500000000001 0.571875 0.27031250000000007 0.571875 0.27031250000000007 0.6046875 0.3062500000000001 0.6046875
0 0.32500000000000007 0.75625 0.2875000000000001 0.75625 0.2875000000000001 0.7921875 0.32500000000000007 0.7921875
0 0.3781250000000001 0.88125 0.3343750000000001 0.88125 0.3343750000000001 0.9234375 0.3781250000000001 0.9234375
0 0.575 0.6890625 0.5359375 0.6890625 0.5359375 0.725 0.575 0.725
0 0.675 0.5734375 0.6359375 0.5734375 0.6359375 0.6140625 0.675 0.6140625
0 0.746875 0.5734375 0.709375 0.5734375 0.709375 0.6125 0.746875 0.6125000000000002
0 0.75625 0.6062500000000001 0.715625 0.60625 0.715625 0.6453125000000001 0.75625 0.6453125000000002
1 0.865625 0.7968750000000002 0.7687500000000002 0.7968750000000002 0.7687500000000002 0.8234375 0.865625 0.8234375
1 0.890625 0.7296875000000002 0.8765625 0.7296875000000002 0.8765625 0.7703125000000002 0.890625 0.7703125000000002
1 0.8921875 0.6625000000000002 0.871875 0.6625000000000002 0.871875 0.7015625000000002 0.8921875 0.7015625000000002
1 0.8890625 0.5921875000000002 0.871875 0.5921875000000002 0.871875 0.6312500000000002 0.8890625 0.6312500000000002
1 0.89375 0.5171875000000001 0.8734375 0.5171875000000001 0.8734375 0.5593750000000002 0.89375 0.5593750000000002