0 0.8453125 0.1375000000000001 0.8171875 0.1375000000000001 0.8171875 0.1703125000000001 0.8453125 0.1703125000000001
0 0.6578125 0.32500000000000007 0.6109375 0.32500000000000007 0.6109375 0.3656250000000001 0.6578125 0.3656250000000001
0 0.6765625 0.19687500000000008 0.64375 0.19687500000000008 0.64375 0.23437500000000008 0.6765625 0.23437500000000008
0 0.6265625 0.1609375000000001 0.5953125 0.1609375000000001 0.5953125 0.19531250000000008 0.6265625 0.19531250000000008
0 0.5015625 0.10156250000000004 0.4703125 0.10156250000000004 0.4703125 0.13593750000000004 0.5015625 0.13593750000000004
0 0.5984375 0.09687500000000007 0.5640625 0.09687500000000007 0.5640625 0.13437500000000008 0.5984375 0.13437500000000008
0 0.59375 0.19687500000000008 0.5625 0.19687500000000008 0.5625 0.22656250000000008 0.59375 0.22656250000000008
1 0.884375 0.1703125000000001 0.8390625 0.1703125000000001 0.8390625 0.18906250000000008 0.884375 0.18906250000000008
1 0.925 0.2140625000000001 0.909375 0.2140625000000001 0.909375 0.30156250000000007 0.925 0.30156250000000007
1 0.8875 0.3234375000000001 0.8359375 0.3234375000000001 0.8359375 0.3421875000000001 0.8875 0.3421875000000001
1 0.7578125 0.3234375000000001 0.7109375 0.3234375000000001 0.7109375 0.3421875000000001 0.7578125 0.3421875000000001
1 0.5640625 0.3218750000000001 0.5046875 0.3218750000000001 0.5046875 0.34062500000000007 0.5640625 0.34062500000000007
1 0.4609375 0.26250000000000007 0.4421875 0.26250000000000007 0.4421875 0.3031250000000001 0.4609375 0.3031250000000001
1 0.559375 0.001562500000000065 0.496875 0.001562500000000061 0.496875 0.021875000000000065 0.559375 0.021875000000000068
1 0.8265625 0.0265625000000001 0.803125 0.0265625000000001 0.803125 0.1453125000000001 0.8265625 0.1453125000000001
1 0.8015625 0.001562500000000094 0.734375 0.0015625000000000903 0.734375 0.021875000000000096 0.8015625 0.0218750000000001
1 0.784375 0.5609375000000002 0.74375 0.5609375000000002 0.74375 0.5812500000000002 0.784375 0.5812500000000002
1 0.6703125 0.559375 0.6125 0.559375 0.6125 0.5796875 0.6703125 0.5796875
1 0.565625 0.559375 0.503125 0.559375 0.503125 0.58125 0.565625 0.58125
1 0.896875 0.8765625 0.84375 0.8765625 0.84375 0.9015625 0.896875 0.9015625
1 0.7671875000000001 0.8765625 0.7171875000000002 0.8765625 0.7171875000000002 0.9015625 0.7671875000000001 0.9015625
1 0.5734375000000002 0.8796875 0.5359375000000002 0.8796875 0.5359375000000002 0.8984375 0.5734375000000002 0.8984375
1 0.46875000000000017 0.80625 0.45625000000000016 0.80625 0.45625000000000016 0.86875 0.46875000000000017 0.86875
0 0.5281250000000002 0.73125 0.49531250000000016 0.73125 0.49531250000000016 0.771875 0.5281250000000002 0.771875
0 0.5953125 0.65625 0.5609375 0.65625 0.5609375 0.6953125 0.5953125 0.6953125
0 0.6343750000000001 0.759375 0.6000000000000002 0.759375 0.6000000000000002 0.7921875 0.6343750000000001 0.7921875
0 0.5406250000000001 0.8203125 0.5062500000000002 0.8203125 0.5062500000000002 0.8515625 0.5406250000000001 0.8515625
0 0.7625 0.6562500000000002 0.728125 0.6562500000000002 0.728125 0.6906250000000002 0.7625 0.6906250000000002
0 0.7640625 0.6171875000000002 0.7265625 0.6171875000000002 0.7265625 0.6531250000000002 0.7640625 0.6531250000000002
0 0.73125 0.5718750000000001 0.69375 0.571875 0.69375 0.6046875 0.73125 0.6046875000000002
0 0.7125000000000001 0.75625 0.6750000000000002 0.75625 0.6750000000000002 0.79375 0.7125000000000001 0.79375
0 0.6656250000000001 0.88125 0.6218750000000002 0.88125 0.6218750000000002 0.925 0.6656250000000001 0.925
0 0.465625 0.6890625 0.425 0.6890625 0.425 0.725 0.465625 0.725
0 0.36406250000000007 0.5734375 0.3265625000000001 0.5734375 0.3265625000000001 0.6140625 0.36406250000000007 0.6140625
0 0.2906250000000001 0.575 0.2531250000000001 0.575 0.2531250000000001 0.6125 0.2906250000000001 0.6125
0 0.2843750000000001 0.60625 0.24375000000000008 0.60625 0.24375000000000008 0.646875 0.2843750000000001 0.646875
1 0.2312500000000001 0.796875 0.13437500000000008 0.796875 0.13437500000000008 0.8234375 0.2312500000000001 0.8234375
1 0.12500000000000008 0.7296875 0.11093750000000009 0.7296875 0.11093750000000009 0.7703125 0.12500000000000008 0.7703125
1 0.1281250000000001 0.6625 0.10937500000000008 0.6625 0.10937500000000008 0.703125 0.1281250000000001 0.703125
1 0.1281250000000001 0.5921875 0.11093750000000009 0.5921875 0.11093750000000009 0.63125 0.1281250000000001 0.63125
1 0.12812500000000007 0.5171875 0.10781250000000005 0.5171875 0.10781250000000006 0.5609375 0.1281250000000001 0.5609375