0 0.8765625 0.5703125000000002 0.8421875 0.5703125000000002 0.8421875 0.6078125000000002 0.8765625 0.6078125000000002
0 0.865625 0.4812500000000002 0.840625 0.4812500000000002 0.840625 0.5109375000000002 0.865625 0.5109375000000002
0 0.7796875 0.5703125000000002 0.75 0.5703125000000002 0.75 0.6046875000000002 0.7796875 0.6046875000000002
0 0.809375 0.5937500000000002 0.78125 0.5937500000000002 0.78125 0.6375000000000002 0.809375 0.6375000000000002
0 0.78125 0.6484375000000002 0.746875 0.6484375000000002 0.746875 0.6859375000000002 0.78125 0.6859375000000002
0 0.8359375 0.8171875 0.8078125 0.8171875 0.8078125 0.8578125 0.8359375 0.8578125
0 0.659375 0.6203125 0.615625 0.6203125 0.615625 0.6640625 0.659375 0.6640625
1 0.6578125000000001 0.84375 0.6359375000000002 0.84375 0.6359375000000002 0.8890625 0.6578125000000001 0.8890625
1 0.6609375000000001 0.7171875 0.6375 0.7171875 0.6375000000000001 0.765625 0.6609375000000002 0.765625
1 0.6578125 0.5046875 0.6390625 0.5046875 0.6390625 0.5703125 0.6578125 0.5703125
1 0.709375 0.45 0.675 0.45 0.675 0.471875 0.709375 0.471875
1 0.9734375 0.4968750000000002 0.9515625 0.4968750000000002 0.9515625 0.5687500000000002 0.9734375 0.5687500000000002
1 0.9765625 0.7453125000000002 0.9515625 0.7453125000000002 0.9515625 0.80625 0.9765625 0.80625
1 0.946875 0.8046875 0.834375 0.8046875 0.834375 0.83125 0.946875 0.83125
1 0.8109375 0.8421875 0.7859375000000002 0.8421875 0.7859375000000002 0.8921875 0.8109375 0.8921875
1 0.7625000000000002 0.909375 0.7250000000000002 0.909375 0.7250000000000002 0.934375 0.7625000000000002 0.934375
1 0.7296875000000002 0.9078125 0.6828125000000002 0.9078125 0.6828125000000002 0.934375 0.7296875000000002 0.934375
1 0.4265625000000002 0.75625 0.4000000000000002 0.75625 0.4000000000000002 0.7875 0.4265625000000002 0.7875
1 0.43125 0.61875 0.40625 0.61875 0.40625 0.6765625 0.43125 0.6765625
1 0.43125 0.5140625 0.4046875 0.5140625 0.4046875 0.5671875 0.43125 0.5671875
1 0.11562500000000009 0.8515625 0.09375000000000011 0.8515625 0.09375000000000011 0.9015625 0.11562500000000009 0.9015625
1 0.1140625000000001 0.728125 0.09531250000000009 0.728125 0.09531250000000009 0.76875 0.1140625000000001 0.76875
1 0.10781250000000009 0.6640625 0.09531250000000009 0.6640625 0.09531250000000009 0.6859375 0.10781250000000009 0.6859375
1 0.11093750000000009 0.6140625 0.09843750000000007 0.6140625 0.09843750000000007 0.6328125 0.11093750000000009 0.6328125
1 0.11093750000000009 0.546875 0.09218750000000006 0.546875 0.09218750000000006 0.5828125 0.11093750000000009 0.5828125
1 0.18593750000000003 0.4640625 0.13125000000000003 0.4640625 0.13125000000000003 0.484375 0.18593750000000003 0.484375
1 0.3765625 0.25000000000000006 0.3421875 0.25 0.3421875 0.27187500000000003 0.3765625 0.2718750000000001
1 0.4609375 0.11562500000000005 0.4265625 0.11562500000000005 0.4265625 0.13125000000000003 0.4609375 0.13125000000000003
1 0.39375 0.11250000000000004 0.3625 0.11250000000000004 0.3625 0.13906250000000003 0.39375 0.13906250000000003
1 0.328125 0.11250000000000004 0.2875 0.11250000000000004 0.2875 0.13750000000000004 0.328125 0.13750000000000004
1 0.2609375 0.11562500000000005 0.2171875 0.11562500000000005 0.2171875 0.13750000000000004 0.2609375 0.13750000000000004
1 0.19531250000000003 0.14062500000000003 0.171875 0.140625 0.17187500000000003 0.25 0.19531250000000006 0.25
0 0.23437500000000008 0.6859375 0.2000000000000001 0.6859375 0.2000000000000001 0.7234375 0.23437500000000008 0.7234375
0 0.33281250000000007 0.7375 0.2984375000000001 0.7375 0.2984375000000001 0.7703125 0.33281250000000007 0.7703125
0 0.3703125000000001 0.7328125 0.3359375000000001 0.7328125 0.3359375000000001 0.7734375 0.3703125000000001 0.7734375
0 0.41093750000000007 0.7015625 0.3828125000000001 0.7015625 0.3828125000000001 0.7375 0.4109375000000002 0.7375
0 0.446875 0.6828125 0.415625 0.6828125 0.415625 0.7234375 0.446875 0.7234375
0 0.33281250000000007 0.571875 0.2984375000000001 0.571875 0.2984375000000001 0.603125 0.33281250000000007 0.603125
0 0.2312500000000001 0.6078125 0.2000000000000001 0.6078125 0.2000000000000001 0.640625 0.2312500000000001 0.640625
0 0.25468750000000007 0.5 0.2234375000000001 0.5 0.2234375000000001 0.5390625 0.25468750000000007 0.5390625
0 0.17812500000000006 0.5125 0.14218750000000005 0.5125 0.14218750000000008 0.546875 0.1781250000000001 0.546875
0 0.10781250000000009 0.6328125 0.07031250000000007 0.6328125 0.07031250000000008 0.6609375 0.10781250000000009 0.6609375
0 0.4046875 0.3281250000000001 0.3703125 0.3281250000000001 0.37031250000000004 0.37187500000000007 0.4046875 0.37187500000000007
0 0.409375 0.2609375000000001 0.3703125 0.2609375000000001 0.3703125 0.2953125000000001 0.409375 0.2953125000000001
0 0.3828125 0.26093750000000004 0.3453125 0.2609375 0.3453125 0.29218750000000004 0.3828125 0.2921875000000001