0 0.4296875 0.12343750000000005 0.3921875 0.12343750000000005 0.3921875 0.15937500000000004 0.4296875 0.15937500000000004
0 0.51875 0.13437500000000005 0.4890625 0.13437500000000005 0.4890625 0.15937500000000004 0.51875 0.15937500000000004
0 0.4296875 0.2218750000000001 0.3953125 0.2218750000000001 0.3953125 0.2515625000000001 0.4296875 0.2515625000000001
0 0.4078125 0.19062500000000004 0.3625 0.19062500000000004 0.3625 0.21875000000000006 0.4078125 0.21875000000000008
0 0.3515625 0.21875 0.3140625 0.21875 0.3140625 0.253125 0.3515625 0.253125
0 0.184375 0.16406250000000003 0.14375 0.1640625 0.14375000000000002 0.1921875 0.18437500000000004 0.19218750000000004
0 0.38125000000000003 0.34062500000000007 0.3375 0.340625 0.3375 0.384375 0.3812500000000001 0.3843750000000001
1 0.15781250000000005 0.3421875 0.11250000000000004 0.3421875 0.11250000000000004 0.3640625 0.15781250000000005 0.3640625
1 0.2828125 0.340625 0.234375 0.340625 0.23437500000000006 0.3640625 0.2828125000000001 0.3640625
1 0.496875 0.3421875000000001 0.43125 0.3421875000000001 0.43125 0.3609375000000001 0.496875 0.3609375000000001
1 0.55 0.2906250000000001 0.528125 0.2906250000000001 0.528125 0.32500000000000007 0.55 0.32500000000000007
1 0.503125 0.02812500000000006 0.4328125 0.028125000000000056 0.4328125 0.05000000000000006 0.503125 0.050000000000000065
1 0.2546875 0.02500000000000003 0.19375 0.025000000000000022 0.19375 0.04843750000000003 0.2546875 0.048437500000000036
1 0.196875 0.05312500000000002 0.1703125 0.05312500000000002 0.1703125 0.16562500000000002 0.196875 0.16562500000000005
1 0.15781250000000005 0.190625 0.10937500000000004 0.190625 0.10937500000000004 0.2140625 0.15781250000000005 0.2140625
1 0.09218750000000003 0.2375 0.06562500000000002 0.2375 0.06562500000000003 0.275 0.09218750000000005 0.275
1 0.09218750000000003 0.271875 0.06562500000000002 0.271875 0.06562500000000003 0.31875 0.09218750000000005 0.31875
1 0.24375000000000008 0.575 0.21250000000000008 0.575 0.21250000000000008 0.6015625 0.24375000000000008 0.6015625
1 0.3812500000000001 0.56875 0.3234375000000001 0.56875 0.3234375000000001 0.59375 0.3812500000000001 0.59375
1 0.4875 0.56875 0.4328125 0.56875 0.4328125 0.5953125 0.4875 0.5953125
1 0.14843750000000008 0.8859375 0.10000000000000009 0.8859375 0.10000000000000009 0.90625 0.14843750000000008 0.90625
1 0.2718750000000001 0.8859375 0.2312500000000001 0.8859375 0.2312500000000001 0.9046875 0.2718750000000001 0.9046875
1 0.3375000000000001 0.8921875 0.3156250000000001 0.8921875 0.3156250000000001 0.9046875 0.3375000000000001 0.9046875
1 0.3859375000000001 0.8890625 0.3671875000000001 0.8890625 0.3671875000000001 0.9015625 0.3859375000000001 0.9015625
1 0.4546875000000002 0.890625 0.4187500000000002 0.890625 0.4187500000000002 0.909375 0.4546875000000002 0.909375
1 0.5375000000000002 0.815625 0.5171875000000001 0.815625 0.5171875000000001 0.8703125 0.5375000000000002 0.8703125
1 0.75 0.6234375000000002 0.7296875 0.6234375000000002 0.7296875 0.6578125000000001 0.75 0.6578125000000001
1 0.884375 0.5390625000000002 0.86875 0.5390625000000002 0.86875 0.5750000000000002 0.884375 0.5750000000000002
1 0.8890625 0.6062500000000002 0.8625 0.6062500000000002 0.8625 0.6375000000000002 0.8890625 0.6375000000000002
1 0.8890625 0.6718750000000002 0.8625 0.6718750000000002 0.8625 0.7125000000000001 0.8890625 0.7125000000000001
1 0.884375 0.7406250000000002 0.8625 0.7406250000000002 0.8625 0.7828125000000001 0.884375 0.7828125000000001
1 0.859375 0.80625 0.7515625000000001 0.80625 0.7515625000000001 0.8296875 0.859375 0.8296875
0 0.3140625000000001 0.765625 0.2765625000000001 0.765625 0.2765625000000001 0.8 0.3140625000000001 0.8
0 0.2640625000000001 0.66875 0.2312500000000001 0.66875 0.2312500000000001 0.703125 0.2640625000000001 0.703125
0 0.2687500000000001 0.63125 0.22812500000000008 0.63125 0.22812500000000008 0.6640625 0.2687500000000001 0.6640625
0 0.3000000000000001 0.590625 0.2640625000000001 0.590625 0.2640625000000001 0.61875 0.3000000000000001 0.61875
0 0.31718750000000007 0.553125 0.2765625000000001 0.553125 0.2765625000000001 0.584375 0.31718750000000007 0.584375
0 0.428125 0.6671875 0.3968750000000001 0.6671875 0.3968750000000001 0.7015625 0.428125 0.7015625
0 0.3937500000000001 0.7703125 0.3609375000000001 0.7703125 0.3609375000000001 0.8015625 0.3937500000000001 0.8015625
0 0.5015625000000001 0.7453125 0.4625000000000002 0.7453125 0.4625000000000002 0.7765625 0.5015625000000001 0.7765625
0 0.4890625000000002 0.821875 0.45312500000000017 0.821875 0.45312500000000017 0.8578125 0.4890625000000002 0.8578125
0 0.3671875000000001 0.8921875 0.3390625000000001 0.8921875 0.3390625000000001 0.9296875 0.3671875000000001 0.9296875
0 0.671875 0.5953125 0.628125 0.5953125 0.628125 0.6296875 0.671875 0.6296875
0 0.7390625 0.5906250000000001 0.7046875 0.590625 0.7046875 0.6296875000000001 0.7390625 0.6296875000000002
0 0.7390625 0.6171875000000001 0.7078125 0.6171875 0.7078125 0.6546875000000001 0.7390625 0.6546875000000002