0 0.8765625 0.3921875000000001 0.8421875 0.3921875000000001 0.8421875 0.42968750000000017 0.8765625 0.42968750000000017
0 0.865625 0.4890625000000002 0.840625 0.4890625000000002 0.840625 0.5187500000000002 0.865625 0.5187500000000002
0 0.7796875 0.39531250000000007 0.75 0.39531250000000007 0.75 0.42968750000000017 0.7796875 0.42968750000000017
0 0.809375 0.36406250000000007 0.78125 0.36406250000000007 0.78125 0.4078125000000002 0.809375 0.4078125000000002
0 0.78125 0.3140625000000001 0.746875 0.3140625000000001 0.746875 0.3515625000000001 0.78125 0.3515625000000001
0 0.8359375 0.1437500000000001 0.8078125 0.1437500000000001 0.8078125 0.1843750000000001 0.8359375 0.1843750000000001
0 0.659375 0.3375000000000001 0.615625 0.3375000000000001 0.615625 0.3812500000000001 0.659375 0.3812500000000001
1 0.6578125 0.11250000000000009 0.6359375 0.11250000000000009 0.6359375 0.15781250000000008 0.6578125 0.15781250000000008
1 0.6609375 0.23437500000000008 0.6375 0.23437500000000008 0.6375 0.2828125000000001 0.6609375 0.2828125000000001
1 0.6578125 0.43125 0.6390625 0.43125 0.6390625 0.496875 0.6578125 0.496875
1 0.709375 0.528125 0.675 0.528125 0.675 0.55 0.709375 0.55
1 0.9734375 0.43281250000000016 0.9515625 0.43281250000000016 0.9515625 0.5046875000000002 0.9734375 0.5046875000000002
1 0.9765625 0.19375000000000014 0.9515625 0.19375000000000014 0.9515625 0.25468750000000007 0.9765625 0.25468750000000007
1 0.946875 0.17031250000000012 0.834375 0.1703125000000001 0.834375 0.1968750000000001 0.946875 0.19687500000000013
1 0.8109375 0.10937500000000008 0.7859375 0.10937500000000008 0.7859375 0.1593750000000001 0.8109375 0.1593750000000001
1 0.7625 0.0671875000000001 0.725 0.0671875000000001 0.725 0.09218750000000009 0.7625 0.09218750000000009
1 0.7296875 0.06562500000000009 0.6828125 0.06562500000000009 0.6828125 0.09218750000000009 0.7296875 0.09218750000000009
1 0.4265625 0.21250000000000008 0.4 0.21250000000000008 0.4 0.24375000000000008 0.4265625 0.24375000000000008
1 0.43125 0.3234375000000001 0.40625 0.3234375000000001 0.40625 0.3812500000000001 0.43125 0.3812500000000001
1 0.43125 0.434375 0.4046875 0.434375 0.4046875 0.4875 0.43125 0.4875
1 0.115625 0.1 0.09375000000000003 0.1 0.09375000000000003 0.15 0.115625 0.15
1 0.11406250000000004 0.23125 0.09531250000000002 0.23125 0.09531250000000002 0.271875 0.11406250000000004 0.271875
1 0.10781250000000005 0.315625 0.09531250000000005 0.315625 0.09531250000000005 0.3375 0.10781250000000005 0.3375
1 0.11093750000000005 0.3671875 0.09843750000000004 0.3671875 0.09843750000000004 0.3859375 0.11093750000000005 0.3859375
1 0.11093750000000005 0.41875 0.09218750000000005 0.41875 0.09218750000000006 0.4546875 0.11093750000000005 0.4546875
1 0.18593750000000003 0.5171875 0.13125000000000003 0.5171875 0.13125000000000003 0.5375 0.18593750000000003 0.5375
1 0.3765625000000001 0.7296875 0.3421875000000001 0.7296875 0.3421875000000001 0.7515625 0.3765625000000001 0.7515625
1 0.46093750000000017 0.86875 0.4265625000000002 0.86875 0.4265625000000002 0.884375 0.46093750000000017 0.884375
1 0.3937500000000001 0.8625 0.3625000000000001 0.8625 0.3625000000000001 0.8890625 0.3937500000000001 0.8890625
1 0.3281250000000001 0.8625 0.2875000000000001 0.8625 0.2875000000000001 0.8890625 0.3281250000000001 0.8890625
1 0.2609375000000001 0.8625 0.2171875000000001 0.8625 0.2171875000000001 0.884375 0.2609375000000001 0.884375
1 0.19531250000000008 0.7515625 0.17187500000000008 0.7515625 0.17187500000000008 0.8609375 0.19531250000000008 0.8609375
0 0.234375 0.2765625 0.2 0.2765625 0.2 0.3140625 0.234375 0.3140625
0 0.3328125 0.23125 0.2984375 0.23125 0.2984375 0.2640625 0.3328125 0.2640625
0 0.3703125 0.22812500000000005 0.3359375 0.228125 0.3359375 0.26875000000000004 0.3703125 0.2687500000000001
0 0.4109375 0.2640625000000001 0.3828125 0.2640625000000001 0.3828125 0.3000000000000001 0.4109375 0.3000000000000001
0 0.446875 0.2765625000000001 0.415625 0.2765625000000001 0.415625 0.31718750000000007 0.446875 0.31718750000000007
0 0.33281250000000007 0.396875 0.2984375000000001 0.396875 0.2984375000000001 0.428125 0.33281250000000007 0.428125
0 0.23125000000000004 0.3609375 0.2 0.3609375 0.20000000000000004 0.39375 0.2312500000000001 0.39375
0 0.25468750000000007 0.4625 0.2234375000000001 0.4625 0.2234375000000001 0.5015625 0.25468750000000007 0.5015625
0 0.17812500000000003 0.4546875 0.14218750000000005 0.4546875 0.14218750000000005 0.4890625 0.17812500000000003 0.4890625
0 0.10781250000000005 0.3390625 0.07031250000000004 0.3390625 0.07031250000000004 0.3671875 0.10781250000000005 0.3671875
0 0.4046875 0.628125 0.3703125000000001 0.628125 0.3703125000000001 0.671875 0.4046875 0.671875
0 0.4093750000000001 0.7046875 0.3703125000000001 0.7046875 0.3703125000000001 0.7390625 0.40937500000000016 0.7390625
0 0.3828125000000001 0.7078125 0.3453125000000001 0.7078125 0.3453125000000001 0.7390625 0.3828125000000001 0.7390625