1 0.553125 0.11718750000000007 0.36875 0.11718750000000004 0.36875 0.17343750000000008 0.553125 0.17343750000000008
1 0.75625 0.1218750000000001 0.634375 0.1218750000000001 0.634375 0.1906250000000001 0.75625 0.1906250000000001
1 0.05781250000000003 0.24375 0.009375000000000031 0.24375 0.00937500000000004 0.41875 0.057812500000000044 0.41875
1 0.054687500000000076 0.471875 0.010937500000000058 0.471875 0.010937500000000069 0.646875 0.05468750000000009 0.646875
1 0.0515625000000001 0.690625 0.009375000000000083 0.690625 0.009375000000000092 0.821875 0.05156250000000011 0.821875
1 0.8453125 0.4968750000000002 0.7984375 0.4968750000000002 0.7984375000000001 0.8796875 0.8453125 0.8796875
1 0.846875 0.8765625 0.7937500000000002 0.8765625 0.7937500000000002 1 0.846875 1
0 0.27812500000000007 0.4125 0.20468750000000008 0.4125 0.20468750000000008 0.4828125 0.27812500000000007 0.4828125
0 0.3859375000000001 0.425 0.31718750000000007 0.425 0.31718750000000007 0.4921875 0.3859375000000001 0.4921875
0 0.378125 0.11250000000000004 0.31875 0.11250000000000004 0.31875 0.18281250000000004 0.378125 0.18281250000000004
0 0.671875 0.4671875 0.621875 0.4671875 0.621875 0.5328125 0.671875 0.5328125
0 0.71875 0.4734375 0.665625 0.4734375 0.665625 0.53125 0.71875 0.53125
0 0.3812500000000001 0.8046875 0.3109375000000001 0.8046875 0.3109375000000001 0.875 0.3812500000000001 0.875
0 0.3828125000000001 0.896875 0.3078125000000001 0.896875 0.3078125000000001 0.9578125 0.3828125000000001 0.9578125