1 0.17343750000000008 0.446875 0.11718750000000004 0.446875 0.11718750000000007 0.6328125 0.17343750000000008 0.6328125
1 0.19062500000000004 0.2453125 0.12187500000000004 0.2453125 0.12187500000000004 0.3671875 0.19062500000000004 0.3671875
1 0.4187500000000002 0.9421875 0.24375000000000008 0.9421875 0.24375000000000008 0.9921875 0.4187500000000002 0.9921875
1 0.6468750000000002 0.946875 0.47187500000000016 0.946875 0.47187500000000016 0.990625 0.6468750000000002 0.990625
1 0.821875 0.9484375 0.6906250000000002 0.9484375 0.6906250000000002 0.9921875 0.821875 0.9921875
1 0.8796875 0.15468750000000006 0.4984375 0.15468750000000003 0.4984375 0.2015625000000001 0.8796875 0.2015625000000001
1 1 0.15312500000000012 0.8765625 0.1531250000000001 0.8765625 0.2062500000000001 1 0.2062500000000001
0 0.4828125000000001 0.7234375 0.4125 0.7234375 0.4125000000000001 0.7953125 0.4828125000000002 0.7953125
0 0.4921875 0.6140625 0.4265625 0.6140625 0.4265625 0.6828125 0.4921875 0.6828125
0 0.1828125000000001 0.6234375 0.11250000000000009 0.6234375 0.11250000000000009 0.6828125 0.1828125000000001 0.6828125
0 0.5328125 0.3281250000000001 0.4671875 0.3281250000000001 0.4671875 0.3781250000000001 0.5328125 0.3781250000000001
0 0.5328125 0.2812500000000001 0.4734375 0.2812500000000001 0.4734375 0.3343750000000001 0.5328125 0.3343750000000001
0 0.875 0.6203125000000002 0.8046875 0.6203125000000002 0.8046875 0.6906250000000002 0.875 0.6906250000000002
0 0.9578125 0.6187500000000001 0.896875 0.6187500000000001 0.896875 0.6937500000000002 0.9578125 0.6937500000000002