0 0.08906250000000004 0.3703125 0.03281250000000004 0.3703125 0.03281250000000005 0.4421875 0.08906250000000004 0.4421875
0 0.4375 0.4484375 0.3984375000000001 0.4484375 0.3984375000000001 0.515625 0.4375 0.515625
0 0.31093750000000003 0.35625 0.271875 0.35625 0.27187500000000003 0.4296875 0.3109375000000001 0.4296875
0 0.45 0.15156250000000004 0.409375 0.15156250000000004 0.409375 0.2234375000000001 0.45 0.2234375000000001
0 0.521875 0.6125 0.478125 0.6125 0.478125 0.675 0.521875 0.675
0 0.6125 0.603125 0.5671875 0.603125 0.5671875 0.6859375 0.6125 0.6859375
0 0.659375 0.609375 0.6171875 0.609375 0.6171875 0.6859375 0.659375 0.6859375
0 0.7484375000000002 0.784375 0.7031250000000002 0.784375 0.7031250000000002 0.8390625 0.7484375000000002 0.8390625
0 0.8390625 0.7187500000000002 0.7890625 0.7187500000000002 0.7890625000000001 0.7906250000000001 0.8390625 0.7906250000000001
0 0.8796875 0.5984375000000002 0.8265625 0.5984375000000002 0.8265625 0.6921875000000002 0.8796875 0.6921875000000002
0 0.878125 0.36406250000000007 0.8265625 0.36406250000000007 0.8265625 0.4593750000000002 0.878125 0.4593750000000002
0 0.896875 0.4906250000000002 0.8515625 0.4906250000000002 0.8515625 0.5625000000000002 0.896875 0.5625000000000002
0 0.3375000000000001 0.7375 0.2796875000000001 0.7375 0.2796875000000001 0.8359375 0.3375000000000001 0.8359375
0 0.4234375000000002 0.7453125 0.37187500000000007 0.7453125 0.37187500000000007 0.8296875 0.4234375000000002 0.8296875
0 0.421875 0.5984375 0.37187500000000007 0.5984375 0.37187500000000007 0.6875 0.421875 0.6875
1 0.18437500000000004 0.49375 0.08593750000000007 0.49375 0.08593750000000007 0.534375 0.18437500000000004 0.534375
1 0.240625 0.2703125 0.215625 0.2703125 0.215625 0.3515625 0.240625 0.3515625
1 0.5625000000000002 0.8703125 0.46093750000000017 0.8703125 0.46093750000000017 0.8953125 0.5625000000000002 0.8953125
1 0.7125000000000001 0.871875 0.6359375000000002 0.871875 0.6359375000000002 0.90625 0.7125000000000001 0.90625
1 0.80625 0.8765625 0.7562500000000002 0.8765625 0.7562500000000002 0.9015625 0.80625 0.9015625
1 0.921875 0.8625 0.8453125 0.8625 0.8453125 0.9109375 0.921875 0.9109375
1 0.9359375 0.11250000000000011 0.8359375 0.11250000000000009 0.8359375 0.15468750000000012 0.9359375 0.15468750000000014
1 0.7390625 0.11406250000000007 0.5375 0.11406250000000004 0.5375 0.15000000000000008 0.7390625 0.15000000000000008
1 0.559375 0.11875000000000006 0.525 0.11875000000000005 0.525 0.23437500000000008 0.559375 0.23437500000000008
1 0.24375000000000008 0.38125 0.2140625000000001 0.38125 0.2140625000000001 0.4765625 0.24375000000000008 0.4765625