0 0.6296875000000002 0.9109375 0.5578125000000002 0.9109375 0.5578125000000002 0.9671875 0.6296875000000002 0.9671875
0 0.5515625 0.5640625 0.484375 0.5640625 0.484375 0.6015625 0.5515625 0.6015625
0 0.6453125000000001 0.690625 0.5703125 0.690625 0.5703125000000001 0.7296875 0.6453125000000002 0.7296875
0 0.85 0.5500000000000002 0.778125 0.5500000000000002 0.778125 0.5906250000000002 0.85 0.5906250000000002
0 0.38750000000000007 0.478125 0.32500000000000007 0.478125 0.32500000000000007 0.521875 0.38750000000000007 0.521875
0 0.3984375000000001 0.38750000000000007 0.3156250000000001 0.3875 0.3156250000000001 0.4328125 0.3984375000000001 0.4328125
0 0.3921875 0.34062500000000007 0.315625 0.340625 0.31562500000000004 0.38281250000000006 0.3921875000000001 0.3828125000000001
0 0.2171875 0.2515625 0.16093750000000004 0.2515625 0.16093750000000004 0.296875 0.2171875 0.296875
0 0.2828125 0.16093750000000004 0.2109375 0.16093750000000004 0.2109375 0.2109375 0.2828125 0.2109375
0 0.4015625 0.12031250000000004 0.3078125 0.12031250000000004 0.3078125 0.17343750000000005 0.4015625 0.17343750000000005
0 0.6359375 0.12343750000000006 0.5421875 0.12343750000000005 0.5421875 0.17500000000000007 0.6359375 0.1750000000000001
0 0.509375 0.10312500000000005 0.4375 0.10312500000000005 0.4375 0.14843750000000006 0.509375 0.14843750000000006
0 0.2640625000000001 0.6640625 0.16406250000000008 0.6640625 0.16406250000000008 0.721875 0.2640625000000001 0.721875
0 0.25468750000000007 0.5765625 0.1703125000000001 0.5765625 0.1703125000000001 0.6296875 0.25468750000000007 0.6296875
0 0.403125 0.5796875 0.3140625000000001 0.5796875 0.3140625000000001 0.6296875 0.403125 0.6296875
1 0.5062500000000002 0.8171875 0.4656250000000002 0.8171875 0.4656250000000002 0.915625 0.5062500000000002 0.915625
1 0.7296875000000002 0.7593750000000001 0.6484375000000002 0.759375 0.6484375000000002 0.784375 0.7296875000000002 0.7843750000000002
1 0.12968750000000004 0.4390625 0.10468750000000004 0.4390625 0.10468750000000004 0.5390625 0.12968750000000004 0.5390625
1 0.12812500000000004 0.2890625 0.09375000000000004 0.2890625 0.09375000000000004 0.3640625 0.12812500000000004 0.3640625
1 0.12343750000000005 0.19375 0.09843750000000002 0.19375 0.09843750000000002 0.24375 0.12343750000000005 0.24375
1 0.1390625 0.07812500000000001 0.090625 0.078125 0.09062500000000001 0.1546875 0.1390625 0.1546875
1 0.8890625 0.0640625000000001 0.846875 0.0640625000000001 0.846875 0.16406250000000008 0.8890625 0.16406250000000008
1 0.8875 0.26250000000000007 0.85 0.26250000000000007 0.85 0.46406250000000016 0.8875 0.46406250000000016
1 0.88125 0.44062500000000016 0.765625 0.44062500000000016 0.765625 0.4750000000000002 0.88125 0.4750000000000002
1 0.6187500000000001 0.75625 0.5250000000000001 0.75625 0.5250000000000001 0.7875 0.6187500000000001 0.7875