0 0.3312500000000001 0.5234375 0.2750000000000001 0.5234375 0.2750000000000001 0.6875 0.3312500000000001 0.6875
0 0.4203125 0.5125 0.36406250000000007 0.5125 0.36406250000000007 0.6828125 0.4203125 0.6828125
0 0.41875 0.2515625000000001 0.3640625 0.2515625000000001 0.36406250000000007 0.4109375 0.41875 0.4109375
0 0.5125 0.2734375000000001 0.4796875 0.2734375000000001 0.4796875 0.37968750000000007 0.5125 0.37968750000000007
0 0.6046875 0.2375000000000001 0.5578125 0.2375000000000001 0.5578125 0.40625 0.6046875 0.40625
0 0.665625 0.23437500000000008 0.6203125 0.23437500000000008 0.6203125 0.4015625 0.665625 0.4015625
0 0.753125 0.5750000000000001 0.6953125 0.575 0.6953125 0.7140625 0.753125 0.7140625000000002
0 0.8328125 0.46875000000000017 0.7890625 0.46875000000000017 0.7890625 0.5953125000000001 0.8328125 0.5953125000000001
0 0.8796875 0.2375000000000001 0.825 0.2375000000000001 0.825 0.3968750000000001 0.8796875 0.3968750000000001
0 0.9046875 0.05156250000000011 0.8515625 0.05156250000000011 0.8515625 0.17968750000000008 0.9046875 0.17968750000000008
1 0.1875 0.05625000000000001 0.0671875 0.05625 0.06718750000000001 0.11718750000000003 0.1875 0.11718750000000004
1 0.5734375000000002 0.7359375 0.46093750000000017 0.7359375 0.46093750000000017 0.7984375 0.5734375000000002 0.7984375
1 0.7171875000000002 0.7453125 0.6328125000000002 0.7453125 0.6328125000000002 0.821875 0.7171875000000002 0.821875
1 0.80625 0.7531250000000002 0.7500000000000002 0.7531250000000002 0.7500000000000002 0.809375 0.80625 0.809375
1 0.928125 0.7468750000000002 0.840625 0.7468750000000002 0.840625 0.821875 0.928125 0.821875