0 0.725 0.525 0.66875 0.525 0.66875 0.6875 0.725 0.6875
0 0.6359375 0.5140625 0.5796875 0.5140625 0.5796875 0.6828125 0.6359375 0.6828125
0 0.6359375 0.2515625000000001 0.58125 0.2515625000000001 0.58125 0.4109375 0.6359375 0.4109375
0 0.5203125 0.2734375000000001 0.4875 0.2734375000000001 0.4875 0.37968750000000007 0.5203125 0.37968750000000007
0 0.4421875 0.2375000000000001 0.3953125 0.2375000000000001 0.39531250000000007 0.40625 0.4421875 0.40625
0 0.38125000000000003 0.23437500000000006 0.3359375 0.234375 0.33593750000000006 0.4015625 0.3812500000000001 0.4015625
0 0.3062500000000001 0.575 0.2484375000000001 0.575 0.2484375000000001 0.715625 0.3062500000000001 0.715625
0 0.21093750000000008 0.46875 0.16718750000000004 0.46875 0.16718750000000007 0.596875 0.21093750000000008 0.596875
0 0.17656250000000004 0.2375 0.12187500000000004 0.2375 0.12187500000000004 0.396875 0.17656250000000004 0.396875
0 0.15 0.051562500000000025 0.096875 0.051562500000000025 0.09687500000000002 0.1796875 0.15 0.1796875
1 0.9328125 0.0578125000000001 0.8140625 0.057812500000000086 0.8140625 0.11718750000000011 0.9328125 0.11718750000000014
1 0.5390625000000002 0.7359375 0.4265625000000002 0.7359375 0.4265625000000002 0.7984375 0.5390625000000002 0.7984375
1 0.3671875000000001 0.7453125 0.2828125000000001 0.7453125 0.2828125000000001 0.821875 0.3671875000000001 0.821875
1 0.2515625000000001 0.753125 0.19531250000000008 0.753125 0.19531250000000008 0.809375 0.2515625000000001 0.809375
1 0.1593750000000001 0.746875 0.07187500000000009 0.746875 0.0718750000000001 0.821875 0.1593750000000001 0.821875