1 0.4328125 0.12343750000000005 0.30625 0.12343750000000005 0.30625 0.16250000000000003 0.4328125 0.16250000000000003
1 0.81875 0.0656250000000001 0.6390625 0.06562500000000009 0.6390625 0.1062500000000001 0.81875 0.1062500000000001
1 0.10000000000000009 0.603125 0.04843750000000008 0.603125 0.048437500000000085 0.6875 0.10000000000000009 0.6875
1 0.2000000000000001 0.5640625 0.1062500000000001 0.5640625 0.1062500000000001 0.596875 0.2000000000000001 0.596875
1 0.4625000000000002 0.7296875 0.3156250000000001 0.7296875 0.3156250000000001 0.7609375 0.4625000000000002 0.7609375
1 0.2062500000000001 0.728125 0.10468750000000009 0.728125 0.10468750000000009 0.7671875 0.2062500000000001 0.7671875
1 0.815625 0.7203125000000001 0.678125 0.7203125 0.6781250000000001 0.7671875000000001 0.815625 0.7671875000000001
1 0.24375000000000008 0.4171875 0.21250000000000008 0.4171875 0.21250000000000008 0.484375 0.24375000000000008 0.484375
1 0.2500000000000001 0.50625 0.2140625000000001 0.50625 0.2140625000000001 0.5734375 0.2500000000000001 0.5734375
1 0.6314575640625002 0.1019590906249999 0.60562730625 0.07164697031249992 0.5420930499190382 0.12578723513183201 0.5679233077315382 0.156099355444332
1 0.9250663322478946 0.13092950897346983 0.8336167504857721 0.06769341523496601 0.8075356588628775 0.10541087657399632 0.898985240625 0.16864697031250014
0 0.4234375 0.32031250000000006 0.325 0.3203125 0.32500000000000007 0.4078125 0.4234375 0.4078125
0 0.540625 0.6125 0.4640625 0.6125 0.4640625 0.6859375 0.540625 0.6859375
0 0.24218750000000008 0.61875 0.14062500000000008 0.61875 0.14062500000000008 0.6921875 0.24218750000000008 0.6921875
0 0.4328125 0.409375 0.3343750000000001 0.409375 0.3343750000000001 0.5234375 0.4328125 0.5234375