1 0.1625000000000001 0.56875 0.12343750000000009 0.56875 0.12343750000000009 0.69375 0.1625000000000001 0.69375
1 0.10625000000000002 0.18125 0.06562500000000002 0.18125 0.06562500000000003 0.3625 0.10625000000000004 0.3625
1 0.6875000000000002 0.9 0.6031250000000001 0.9 0.6031250000000001 0.9515625 0.6875000000000002 0.9515625
1 0.5968750000000002 0.8 0.5640625000000001 0.8 0.5640625000000001 0.89375 0.5968750000000002 0.89375
1 0.7609375 0.5375000000000002 0.7296875 0.5375000000000002 0.7296875 0.6843750000000002 0.7609375 0.6843750000000002
1 0.7687500000000002 0.7953125000000002 0.7281250000000001 0.7953125000000002 0.7281250000000001 0.896875 0.7687500000000002 0.896875
1 0.7671875 0.1843750000000001 0.7203125 0.1843750000000001 0.7203125 0.3218750000000001 0.7671875 0.3218750000000001
1 0.48437500000000017 0.75625 0.41718750000000016 0.75625 0.41718750000000016 0.7875 0.48437500000000017 0.7875
1 0.5734375000000002 0.7515625 0.5062500000000002 0.7515625 0.5062500000000002 0.7859375 0.5734375000000002 0.7859375
1 0.15885278305993938 0.4257956086054282 0.09981336354694588 0.3663831511795531 0.07164697031250003 0.39437269375 0.13068638982549355 0.4537851511758751
1 0.16864697031250003 0.10101475937500001 0.1301551746057979 0.07477487695544016 0.06757334917379922 0.16657737823819543 0.10606514488050137 0.19281726065775529
0 0.4078125 0.578125 0.3203125000000001 0.578125 0.3203125000000001 0.675 0.4078125 0.675
0 0.6859375 0.459375 0.6125 0.459375 0.6125 0.5375 0.6859375 0.5375
0 0.6921875000000002 0.7578125 0.6187500000000001 0.7578125 0.6187500000000001 0.859375 0.6921875000000002 0.859375
0 0.5234375 0.56875 0.409375 0.56875 0.409375 0.665625 0.5234375 0.665625