1 0.16250000000000003 0.3078125 0.12343750000000005 0.3078125 0.12343750000000005 0.4328125 0.16250000000000003 0.4328125
1 0.1062500000000001 0.6390625 0.06562500000000009 0.6390625 0.0656250000000001 0.81875 0.1062500000000001 0.81875
1 0.6875 0.048437500000000085 0.603125 0.04843750000000008 0.603125 0.10000000000000009 0.6875 0.10000000000000009
1 0.596875 0.1062500000000001 0.5640625 0.1062500000000001 0.5640625 0.2000000000000001 0.596875 0.2000000000000001
1 0.7609375 0.3156250000000001 0.7296875 0.3156250000000001 0.7296875 0.4625000000000002 0.7609375 0.4625000000000002
1 0.76875 0.10468750000000009 0.728125 0.10468750000000009 0.728125 0.2062500000000001 0.76875 0.2062500000000001
1 0.7671875000000001 0.6781250000000001 0.7203125 0.678125 0.7203125000000001 0.815625 0.7671875000000001 0.815625
1 0.484375 0.21250000000000008 0.4171875 0.21250000000000008 0.4171875 0.24375000000000008 0.484375 0.24375000000000008
1 0.5734375 0.2156250000000001 0.50625 0.2156250000000001 0.50625 0.2500000000000001 0.5734375 0.2500000000000001
1 0.15885278305993947 0.5742043913945717 0.1306863898254936 0.546214848824125 0.07164697031250004 0.6056273062499999 0.0998133635469459 0.6336168488204468
1 0.16864697031250003 0.8989852406250002 0.10606514488050123 0.8071827393422449 0.06757334917379923 0.8334226217618049 0.130155174605798 0.92522512304456
0 0.4078125 0.32656250000000003 0.3203125 0.3265625 0.32031250000000006 0.4234375 0.4078125 0.4234375
0 0.6859375 0.4640625 0.6125 0.4640625 0.6125 0.5421875 0.6859375 0.5421875
0 0.6921875 0.14062500000000008 0.61875 0.14062500000000008 0.61875 0.24218750000000008 0.6921875 0.24218750000000008
0 0.5234375 0.3359375000000001 0.409375 0.3359375000000001 0.409375 0.4328125 0.5234375 0.4328125