1 0.371875 0.12968750000000004 0.21875 0.12968750000000004 0.21875 0.16875000000000004 0.371875 0.16875000000000004
1 0.7640625 0.07031250000000008 0.61875 0.07031250000000007 0.61875 0.10781250000000009 0.7640625 0.10781250000000009
1 0.7703125000000002 0.7406250000000001 0.6140625000000002 0.740625 0.6140625000000002 0.784375 0.7703125000000002 0.7843750000000002
1 0.32500000000000007 0.884375 0.2453125000000001 0.884375 0.2453125000000001 0.91875 0.32500000000000007 0.91875
1 0.4890625000000002 0.89375 0.4078125000000002 0.89375 0.4078125000000002 0.9140625 0.4890625000000002 0.9140625
1 0.2468750000000001 0.7796875 0.18750000000000008 0.7796875 0.18750000000000008 0.88125 0.2468750000000001 0.88125
1 0.11691022968750002 0.12700617343750004 0.03889459109569079 0.06972489484534518 0.010438414062500007 0.10848148125000001 0.08845405265430924 0.16576275984215486
0 0.465625 0.33593750000000006 0.346875 0.3359375 0.34687500000000004 0.403125 0.465625 0.403125
0 0.5640625 0.3296875000000001 0.4671875 0.3296875000000001 0.4671875 0.4078125 0.5640625 0.4078125
0 0.8328125 0.5109375000000002 0.74375 0.5109375000000002 0.74375 0.5796875000000001 0.8328125 0.5796875000000001
0 0.9625 0.4109375000000002 0.853125 0.4109375000000002 0.853125 0.4812500000000002 0.9625 0.4812500000000002
0 0.55625 0.054687500000000056 0.41875 0.05468750000000004 0.41875 0.13593750000000007 0.55625 0.1359375000000001
0 0.43281250000000016 0.8875 0.3140625000000001 0.8875 0.3140625000000001 0.9875 0.43281250000000016 0.9875
0 0.43281250000000016 0.7578125 0.3343750000000001 0.7578125 0.3343750000000001 0.8265625 0.43281250000000016 0.8265625
0 0.42656250000000007 0.6765625 0.3234375000000001 0.6765625 0.3234375000000001 0.746875 0.4265625000000002 0.746875
0 0.5 0.5390625 0.41875 0.5390625 0.41875 0.6125 0.5 0.6125
0 0.5890625 0.4546875 0.490625 0.4546875 0.490625 0.53125 0.5890625 0.53125