1 0.37187500000000007 0.83125 0.21875000000000008 0.83125 0.21875000000000008 0.8703125 0.37187500000000007 0.8703125
1 0.7640625000000002 0.89375 0.6187500000000001 0.89375 0.6187500000000001 0.93125 0.7640625000000002 0.93125
1 0.7703125 0.2156250000000001 0.6140625 0.2156250000000001 0.6140625 0.2593750000000001 0.7703125 0.2593750000000001
1 0.3265625 0.08125000000000003 0.2453125 0.08125000000000002 0.2453125 0.11562500000000005 0.3265625 0.11562500000000005
1 0.4890625 0.08593750000000006 0.4078125 0.08593750000000004 0.4078125 0.10781250000000005 0.4890625 0.10781250000000005
1 0.246875 0.11875000000000005 0.1875 0.11875000000000005 0.18750000000000003 0.221875 0.246875 0.221875
1 0.11691022968750002 0.8729938265625001 0.08845405265430925 0.8342372401578453 0.0104384140625001 0.8915185187500002 0.038894591095690864 0.9302751051546551
0 0.465625 0.596875 0.3468750000000001 0.596875 0.3468750000000001 0.6640625 0.465625 0.6640625
0 0.5640625 0.5921875 0.4671875 0.5921875 0.4671875 0.6703125 0.5640625 0.6703125
0 0.8328125 0.4203125000000002 0.74375 0.4203125000000002 0.74375 0.4890625000000002 0.8328125 0.4890625000000002
0 0.9625 0.5203125000000002 0.853125 0.5203125000000002 0.853125 0.5890625000000002 0.9625 0.5890625000000002
0 0.5562500000000001 0.8640625 0.4187500000000002 0.8640625 0.4187500000000002 0.9453125 0.5562500000000001 0.9453125
0 0.4328125 0.012500000000000048 0.3140625 0.012500000000000039 0.3140625 0.11250000000000004 0.4328125 0.11250000000000004
0 0.4328125 0.17343750000000005 0.334375 0.17343750000000005 0.334375 0.24218750000000006 0.4328125 0.24218750000000008
0 0.4265625 0.25468750000000007 0.3234375 0.2546875 0.3234375 0.32500000000000007 0.4265625 0.32500000000000007
0 0.5 0.3890625000000001 0.41875 0.3890625000000001 0.41875 0.4625 0.5 0.4625
0 0.5890625 0.4703125 0.490625 0.4703125 0.490625 0.546875 0.5890625 0.546875