0 0.19218750000000007 0.4609375 0.12656250000000005 0.4609375 0.12656250000000008 0.6 0.1921875000000001 0.6
0 0.5484375 0.5625 0.4890625 0.5625 0.4890625 0.7203125 0.5484375 0.7203125
0 0.7484375 0.6000000000000001 0.68125 0.6 0.68125 0.721875 0.7484375 0.7218750000000002
0 0.9609375 0.1500000000000001 0.9015625 0.15000000000000008 0.9015625 0.29375000000000007 0.9609375 0.29375000000000007
0 0.9640625 1.1414090870178066e-16 0.9 1.1021821192326179e-16 0.9 0.1281250000000001 0.9640625 0.12812500000000013
0 0.896875 0.12031250000000009 0.8375 0.12031250000000009 0.8375 0.25468750000000007 0.896875 0.25468750000000007
0 0.6859375 7.740150472736006e-17 0.578125 7.079989307570636e-17 0.578125 0.13281250000000008 0.6859375 0.13281250000000008
0 0.6609375 0.18125000000000008 0.5953125 0.18125000000000008 0.5953125 0.3531250000000001 0.6609375 0.3531250000000001
1 0.2062500000000001 0.59375 0.17187500000000008 0.59375 0.17187500000000008 0.815625 0.2062500000000001 0.815625
1 0.20468750000000005 0.17187500000000003 0.1734375 0.171875 0.17343750000000002 0.440625 0.20468750000000008 0.440625
1 0.98125 0.4031250000000002 0.946875 0.4031250000000002 0.946875 0.6406250000000002 0.98125 0.6406250000000002