0 0.6000000000000002 0.8078125 0.46093750000000017 0.8078125 0.46093750000000017 0.8734375 0.6000000000000002 0.8734375
0 0.7203125 0.453125 0.5625 0.453125 0.5625 0.5125 0.7203125 0.5125
0 0.721875 0.2531250000000001 0.6 0.2531250000000001 0.6 0.3203125000000001 0.721875 0.3203125000000001
0 0.29375 0.03906250000000003 0.15 0.03906250000000002 0.15 0.09843750000000004 0.29375 0.09843750000000004
0 0.128125 0.037500000000000006 4.592425496802574e-18 0.0375 8.51512227532144e-18 0.1015625 0.128125 0.1015625
0 0.2546875 0.10312500000000002 0.1203125 0.103125 0.1203125 0.16250000000000003 0.2546875 0.16250000000000003
0 0.13281250000000006 0.3140625 3.846156353572156e-17 0.3140625 4.506317518737526e-17 0.421875 0.13281250000000006 0.421875
0 0.353125 0.3390625 0.18125000000000005 0.3390625 0.18125000000000005 0.4046875 0.3531250000000001 0.4046875
1 0.815625 0.7953125000000001 0.5937500000000002 0.7953125 0.5937500000000002 0.8296875 0.815625 0.8296875
1 0.44062500000000016 0.796875 0.17187500000000008 0.796875 0.17187500000000008 0.828125 0.44062500000000016 0.828125
1 0.640625 0.020312500000000063 0.403125 0.02031250000000005 0.403125 0.05468750000000007 0.640625 0.05468750000000009