0 0.19218750000000004 0.4015625 0.12656250000000005 0.4015625 0.12656250000000005 0.540625 0.19218750000000004 0.540625
0 0.5484375 0.2812500000000001 0.4875 0.2812500000000001 0.4875 0.4390625 0.5484375 0.4390625
0 0.7484375 0.2796875000000001 0.68125 0.2796875000000001 0.68125 0.4015625000000001 0.7484375 0.40156250000000016
0 0.9609375 0.7062500000000002 0.9015625 0.7062500000000002 0.9015625 0.85 0.9609375 0.85
0 0.9640625 0.871875 0.9 0.871875 0.9 1 0.9640625 1
0 0.896875 0.7468750000000002 0.8375 0.7468750000000002 0.8375 0.88125 0.896875 0.88125
0 0.6859375000000002 0.8671875 0.5781250000000002 0.8671875 0.5781250000000002 1 0.6859375000000002 1
0 0.6609375000000001 0.646875 0.5953125 0.646875 0.5953125000000001 0.81875 0.6609375000000002 0.81875
1 0.20625000000000004 0.18593750000000003 0.17187500000000006 0.1859375 0.17187500000000006 0.40625 0.2062500000000001 0.40625
1 0.20468750000000008 0.5609375 0.17343750000000008 0.5609375 0.17343750000000008 0.828125 0.20468750000000008 0.828125
1 0.98125 0.3593750000000001 0.946875 0.3593750000000001 0.946875 0.5968750000000002 0.98125 0.5968750000000002