0 0.35625000000000007 0.3078125 0.2890625 0.3078125 0.28906250000000006 0.434375 0.35625000000000007 0.434375
0 0.28593750000000007 0.4234375 0.21250000000000008 0.4234375 0.21250000000000008 0.5421875 0.28593750000000007 0.5421875
0 0.4828125 0.4140625 0.4203125 0.4140625 0.4203125 0.521875 0.4828125 0.521875
0 0.578125 0.4328125 0.4984375 0.4328125 0.4984375 0.5578125 0.578125 0.5578125
0 0.9328125 0.3781250000000001 0.8546875 0.3781250000000001 0.8546875 0.4937500000000002 0.9328125 0.4937500000000002
0 0.4468750000000002 0.7421875 0.3890625000000001 0.7421875 0.3890625000000001 0.84375 0.4468750000000002 0.84375
0 0.4703125000000002 0.815625 0.3968750000000001 0.815625 0.3968750000000001 0.9375 0.4703125000000002 0.9375
1 0.8890625 0.6718750000000002 0.8328125 0.6718750000000002 0.8328125 1 0.8890625 1
1 0.08125000000000009 0.484375 0.046875000000000056 0.484375 0.046875000000000076 0.821875 0.08125000000000011 0.821875
1 0.07656250000000003 0.125 0.051562500000000025 0.125 0.05156250000000003 0.33125 0.07656250000000005 0.33125
1 0.8828125 0.09375000000000011 0.8453125 0.09375000000000011 0.8453125 0.3828125000000001 0.8828125 0.3828125000000001