0 0.35625000000000007 0.565625 0.2890625000000001 0.565625 0.2890625000000001 0.69375 0.35625000000000007 0.69375
0 0.28593750000000007 0.4578125 0.2140625000000001 0.4578125 0.2140625000000001 0.5765625 0.28593750000000007 0.5765625
0 0.4828125 0.478125 0.4203125 0.478125 0.4203125 0.5859375 0.4828125 0.5859375
0 0.578125 0.4421875 0.4984375 0.4421875 0.4984375 0.5671875 0.578125 0.5671875
0 0.9328125 0.5062500000000002 0.8546875 0.5062500000000002 0.8546875 0.6218750000000002 0.9328125 0.6218750000000002
0 0.446875 0.15625000000000006 0.3890625 0.15625000000000006 0.3890625 0.2578125000000001 0.446875 0.2578125000000001
0 0.4703125 0.06250000000000006 0.396875 0.06250000000000004 0.396875 0.18437500000000004 0.4703125 0.18437500000000004
1 0.8890625 1.0543443536409245e-16 0.8328125 1.019901162414905e-16 0.8328125 0.3281250000000001 0.8890625 0.3281250000000001
1 0.08125000000000004 0.178125 0.04687500000000002 0.178125 0.04687500000000004 0.515625 0.08125000000000007 0.515625
1 0.0765625000000001 0.6703125 0.05156250000000009 0.6703125 0.0515625000000001 0.8765625 0.07656250000000012 0.8765625
1 0.8828125 0.6171875000000002 0.8453125 0.6171875000000002 0.8453125 0.9078125 0.8828125 0.9078125