0 0.7109375 0.565625 0.64375 0.565625 0.64375 0.69375 0.7109375 0.69375
0 0.7875 0.45781250000000007 0.715625 0.4578125 0.715625 0.5765625000000001 0.7875 0.5765625000000002
0 0.5796875 0.478125 0.5171875 0.478125 0.5171875 0.5859375 0.5796875 0.5859375
0 0.5015625 0.4421875 0.421875 0.4421875 0.421875 0.5671875 0.5015625 0.5671875
0 0.14531250000000007 0.50625 0.06718750000000007 0.50625 0.06718750000000007 0.621875 0.1453125000000001 0.621875
0 0.6109375 0.15625000000000008 0.553125 0.15625000000000008 0.553125 0.2578125000000001 0.6109375 0.2578125000000001
0 0.6046875 0.06250000000000007 0.53125 0.06250000000000007 0.53125 0.18437500000000007 0.6046875 0.1843750000000001
1 0.16718750000000002 1.703024455064288e-17 0.1109375 1.358592542804095e-17 0.11093750000000002 0.328125 0.16718750000000004 0.328125
1 0.9546875 0.17812500000000014 0.9203125 0.17812500000000014 0.9203125 0.5156250000000002 0.9546875 0.5156250000000002
1 0.95 0.6703125000000002 0.925 0.6703125000000002 0.925 0.8765625 0.95 0.8765625
1 0.15468750000000012 0.6171875 0.11718750000000008 0.6171875 0.11718750000000011 0.9078125 0.15468750000000014 0.9078125